x,y,dist_robot,olf_post,vis_post,fused,vis_like,observed,mle_class,ev_person,post_person,ev_couch,post_couch,ev_toilet,post_toilet,ev_microwave,post_microwave,ev_oven,post_oven,ev_sink,post_sink,ev_refrigerator,post_refrigerator,ev_clock,post_clock,ev_empty_floor,post_empty_floor
-2.25,1.75,2.2999,0.00236407,0.00236407,0.00236407,0.136486,False,person,0,0.111111,0,0.111111,0,0.111111,0,0.111111,0,0.111111,0,0.111111,0,0.111111,0,0.111111,0,0.111111
1.5,5.5,3.00713,0.00236407,0.00236407,0.00236407,0.0341216,True,empty floor,0,0.0277778,0,0.0277778,0,0.0277778,0,0.0277778,0,0.0277778,0,0.0277778,0,0.0277778,0,0.0277778,3,0.777778
-1.5,6,2.67929,0.00236407,0.00236407,0.00236407,0.0341216,True,empty floor,0,0.0277778,0,0.0277778,0,0.0277778,0,0.0277778,0,0.0277778,0,0.0277778,0,0.0277778,0,0.0277778,3,0.777778
-1.75,6,2.76471,0.00236407,0.00236407,0.00236407,0.0341216,True,empty floor,0,0.0277778,0,0.0277778,0,0.0277778,0,0.0277778,0,0.0277778,0,0.0277778,0,0.0277778,0,0.0277778,3,0.777778
-2,6,2.86943,0.00236407,0.00236407,0.00236407,0.0341216,True,empty floor,0,0.0277778,0,0.0277778,0,0.0277778,0,0.0277778,0,0.0277778,0,0.0277778,0,0.0277778,0,0.0277778,3,0.777778
-2.25,6,2.99143,0.00236407,0.00236407,0.00236407,0.0341216,True,empty floor,0,0.0277778,0,0.0277778,0,0.0277778,0,0.0277778,0,0.0277778,0,0.0277778,0,0.0277778,0,0.0277778,3,0.777778
2,5.75,3.54655,0.00236407,0.00236407,0.00236407,0.0341216,True,empty floor,0,0.0277778,0,0.0277778,0,0.0277778,0,0.0277778,0,0.0277778,0,0.0277778,0,0.0277778,0,0.0277778,3,0.777778
1.75,5.75,3.36051,0.00236407,0.00236407,0.00236407,0.0341216,True,empty floor,0,0.0277778,0,0.0277778,0,0.0277778,0,0.0277778,0,0.0277778,0,0.0277778,0,0.0277778,0,0.0277778,3,0.777778
1.5,5.75,3.18325,0.00236407,0.00236407,0.00236407,0.0341216,True,empty floor,0,0.0277778,0,0.0277778,0,0.0277778,0,0.0277778,0,0.0277778,0,0.0277778,0,0.0277778,0,0.0277778,3,0.777778
1.25,5.75,3.01631,0.00236407,0.00236407,0.00236407,0.0341216,True,empty floor,0,0.0277778,0,0.0277778,0,0.0277778,0,0.0277778,0,0.0277778,0,0.0277778,0,0.0277778,0,0.0277778,3,0.777778
1,5.75,2.86149,0.00236407,0.00236407,0.00236407,0.118536,True,couch,0,0.0555556,1,0.555556,0,0.0555556,0,0.0555556,0,0.0555556,0,0.0555556,0,0.0555556,0,0.0555556,0,0.0555556
0.75,5.75,2.72087,0.00236407,0.00236407,0.00236407,0.136486,False,person,0,0.111111,0,0.111111,0,0.111111,0,0.111111,0,0.111111,0,0.111111,0,0.111111,0,0.111111,0,0.111111
0.5,5.75,2.59676,0.00236407,0.00236407,0.00236407,0.0341216,True,empty floor,0,0.0277778,0,0.0277778,0,0.0277778,0,0.0277778,0,0.0277778,0,0.0277778,0,0.0277778,0,0.0277778,3,0.777778
0.25,5.75,2.49162,0.00236407,0.00236407,0.00236407,0.0341216,True,empty floor,0,0.0277778,0,0.0277778,0,0.0277778,0,0.0277778,0,0.0277778,0,0.0277778,0,0.0277778,0,0.0277778,3,0.777778
0,5.75,2.40795,0.00236407,0.00236407,0.00236407,0.0341216,True,empty floor,0,0.0277778,0,0.0277778,0,0.0277778,0,0.0277778,0,0.0277778,0,0.0277778,0,0.0277778,0,0.0277778,3,0.777778
-0.25,5.75,2.34803,0.00236407,0.00236407,0.00236407,0.0341216,True,empty floor,0,0.0277778,0,0.0277778,0,0.0277778,0,0.0277778,0,0.0277778,0,0.0277778,0,0.0277778,0,0.0277778,3,0.777778
-0.5,5.75,2.31371,0.00236407,0.00236407,0.00236407,0.0341216,True,empty floor,0,0.0277778,0,0.0277778,0,0.0277778,0,0.0277778,0,0.0277778,0,0.0277778,0,0.0277778,0,0.0277778,3,0.777778
-0.75,5.75,2.30614,0.00236407,0.00236407,0.00236407,0.0341216,True,empty floor,0,0.0277778,0,0.0277778,0,0.0277778,0,0.0277778,0,0.0277778,0,0.0277778,0,0.0277778,0,0.0277778,3,0.777778
-1,5.75,2.32558,0.00236407,0.00236407,0.00236407,0.0341216,True,empty floor,0,0.0277778,0,0.0277778,0,0.0277778,0,0.0277778,0,0.0277778,0,0.0277778,0,0.0277778,0,0.0277778,3,0.777778
-1.25,5.75,2.37136,0.00236407,0.00236407,0.00236407,0.0341216,True,empty floor,0,0.0277778,0,0.0277778,0,0.0277778,0,0.0277778,0,0.0277778,0,0.0277778,0,0.0277778,0,0.0277778,3,0.777778
-1.5,5.75,2.442,0.00236407,0.00236407,0.00236407,0.0341216,True,empty floor,0,0.0277778,0,0.0277778,0,0.0277778,0,0.0277778,0,0.0277778,0,0.0277778,0,0.0277778,0,0.0277778,3,0.777778
-1.75,5.75,2.53542,0.00236407,0.00236407,0.00236407,0.0341216,True,empty floor,0,0.0277778,0,0.0277778,0,0.0277778,0,0.0277778,0,0.0277778,0,0.0277778,0,0.0277778,0,0.0277778,3,0.777778
-2,5.75,2.64923,0.00236407,0.00236407,0.00236407,0.0341216,True,empty floor,0,0.0277778,0,0.0277778,0,0.0277778,0,0.0277778,0,0.0277778,0,0.0277778,0,0.0277778,0,0.0277778,3,0.777778
-2.25,5.75,2.7809,0.00236407,0.00236407,0.00236407,0.0341216,True,empty floor,0,0.0277778,0,0.0277778,0,0.0277778,0,0.0277778,0,0.0277778,0,0.0277778,0,0.0277778,0,0.0277778,3,0.777778
2,5.5,3.38936,0.00236407,0.00236407,0.00236407,0.0341216,True,empty floor,0,0.0277778,0,0.0277778,0,0.0277778,0,0.0277778,0,0.0277778,0,0.0277778,0,0.0277778,0,0.0277778,3,0.777778
-1.25,6,2.61507,0.00236407,0.00236407,0.00236407,0.0341216,True,empty floor,0,0.0277778,0,0.0277778,0,0.0277778,0,0.0277778,0,0.0277778,0,0.0277778,0,0.0277778,0,0.0277778,3,0.777778
-1,6,2.57363,0.00236407,0.00236407,0.00236407,0.0341216,True,empty floor,0,0.0277778,0,0.0277778,0,0.0277778,0,0.0277778,0,0.0277778,0,0.0277778,0,0.0277778,0,0.0277778,3,0.777778
-0.75,6,2.55608,0.00236407,0.00236407,0.00236407,0.0341216,True,empty floor,0,0.0277778,0,0.0277778,0,0.0277778,0,0.0277778,0,0.0277778,0,0.0277778,0,0.0277778,0,0.0277778,3,0.777778
-2,6.25,3.09417,0.00236407,0.00236407,0.00236407,0.0341216,True,empty floor,0,0.0277778,0,0.0277778,0,0.0277778,0,0.0277778,0,0.0277778,0,0.0277778,0,0.0277778,0,0.0277778,3,0.777778
0.5,6.25,3.04937,0.00236407,0.00236407,0.00236407,0.0341216,True,empty floor,0,0.0277778,0,0.0277778,0,0.0277778,0,0.0277778,0,0.0277778,0,0.0277778,0,0.0277778,0,0.0277778,3,0.777778
0.25,6.25,2.96035,0.00236407,0.00236407,0.00236407,0.0341216,True,empty floor,0,0.0277778,0,0.0277778,0,0.0277778,0,0.0277778,0,0.0277778,0,0.0277778,0,0.0277778,0,0.0277778,3,0.777778
0,6.25,2.89028,0.00236407,0.00236407,0.00236407,0.0341216,True,empty floor,0,0.0277778,0,0.0277778,0,0.0277778,0,0.0277778,0,0.0277778,0,0.0277778,0,0.0277778,0,0.0277778,3,0.777778
-0.25,6.25,2.84055,0.00236407,0.00236407,0.00236407,0.0341216,True,empty floor,0,0.0277778,0,0.0277778,0,0.0277778,0,0.0277778,0,0.0277778,0,0.0277778,0,0.0277778,0,0.0277778,3,0.777778
-0.5,6.25,2.81225,0.00236407,0.00236407,0.00236407,0.0341216,True,empty floor,0,0.0277778,0,0.0277778,0,0.0277778,0,0.0277778,0,0.0277778,0,0.0277778,0,0.0277778,0,0.0277778,3,0.777778
-0.75,6.25,2.80602,0.00236407,0.00236407,0.00236407,0.0341216,True,empty floor,0,0.0277778,0,0.0277778,0,0.0277778,0,0.0277778,0,0.0277778,0,0.0277778,0,0.0277778,0,0.0277778,3,0.777778
-1,6.25,2.82202,0.00236407,0.00236407,0.00236407,0.0341216,True,empty floor,0,0.0277778,0,0.0277778,0,0.0277778,0,0.0277778,0,0.0277778,0,0.0277778,0,0.0277778,0,0.0277778,3,0.777778
-1.25,6.25,2.85986,0.00236407,0.00236407,0.00236407,0.0341216,True,empty floor,0,0.0277778,0,0.0277778,0,0.0277778,0,0.0277778,0,0.0277778,0,0.0277778,0,0.0277778,0,0.0277778,3,0.777778
-1.5,6.25,2.9187,0.00236407,0.00236407,0.00236407,0.0341216,True,empty floor,0,0.0277778,0,0.0277778,0,0.0277778,0,0.0277778,0,0.0277778,0,0.0277778,0,0.0277778,0,0.0277778,3,0.777778
-1.75,6.25,2.99731,0.00236407,0.00236407,0.00236407,0.0341216,True,empty floor,0,0.0277778,0,0.0277778,0,0.0277778,0,0.0277778,0,0.0277778,0,0.0277778,0,0.0277778,0,0.0277778,3,0.777778
-2.25,6.25,3.20763,0.00236407,0.00236407,0.00236407,0.0341216,True,empty floor,0,0.0277778,0,0.0277778,0,0.0277778,0,0.0277778,0,0.0277778,0,0.0277778,0,0.0277778,0,0.0277778,3,0.777778
-0.5,6,2.56291,0.00236407,0.00236407,0.00236407,0.0341216,True,empty floor,0,0.0277778,0,0.0277778,0,0.0277778,0,0.0277778,0,0.0277778,0,0.0277778,0,0.0277778,0,0.0277778,3,0.777778
2,6,3.71393,0.00236407,0.00236407,0.00236407,0.0341216,True,empty floor,0,0.0277778,0,0.0277778,0,0.0277778,0,0.0277778,0,0.0277778,0,0.0277778,0,0.0277778,0,0.0277778,3,0.777778
1.75,6,3.53671,0.00236407,0.00236407,0.00236407,0.0341216,True,empty floor,0,0.0277778,0,0.0277778,0,0.0277778,0,0.0277778,0,0.0277778,0,0.0277778,0,0.0277778,0,0.0277778,3,0.777778
1.5,6,3.36873,0.00236407,0.00236407,0.00236407,0.0341216,True,empty floor,0,0.0277778,0,0.0277778,0,0.0277778,0,0.0277778,0,0.0277778,0,0.0277778,0,0.0277778,0,0.0277778,3,0.777778
1.25,6,3.21144,0.00236407,0.00236407,0.00236407,0.0341216,True,empty floor,0,0.0277778,0,0.0277778,0,0.0277778,0,0.0277778,0,0.0277778,0,0.0277778,0,0.0277778,0,0.0277778,3,0.777778
1,6,3.06649,0.00236407,0.00236407,0.00236407,0.0341216,True,empty floor,0,0.0277778,0,0.0277778,0,0.0277778,0,0.0277778,0,0.0277778,0,0.0277778,0,0.0277778,0,0.0277778,3,0.777778
0.75,6,2.93571,0.00236407,0.00236407,0.00236407,0.0341216,True,empty floor,0,0.0277778,0,0.0277778,0,0.0277778,0,0.0277778,0,0.0277778,0,0.0277778,0,0.0277778,0,0.0277778,3,0.777778
0.5,6,2.82107,0.00236407,0.00236407,0.00236407,0.0341216,True,empty floor,0,0.0277778,0,0.0277778,0,0.0277778,0,0.0277778,0,0.0277778,0,0.0277778,0,0.0277778,0,0.0277778,3,0.777778
0.25,6,2.7246,0.00236407,0.00236407,0.00236407,0.0341216,True,empty floor,0,0.0277778,0,0.0277778,0,0.0277778,0,0.0277778,0,0.0277778,0,0.0277778,0,0.0277778,0,0.0277778,3,0.777778
0,6,2.64829,0.00236407,0.00236407,0.00236407,0.0341216,True,empty floor,0,0.0277778,0,0.0277778,0,0.0277778,0,0.0277778,0,0.0277778,0,0.0277778,0,0.0277778,0,0.0277778,3,0.777778
-0.25,6,2.59393,0.00236407,0.00236407,0.00236407,0.0341216,True,empty floor,0,0.0277778,0,0.0277778,0,0.0277778,0,0.0277778,0,0.0277778,0,0.0277778,0,0.0277778,0,0.0277778,3,0.777778
1.75,5.5,3.19418,0.00236407,0.00236407,0.00236407,0.0341216,True,empty floor,0,0.0277778,0,0.0277778,0,0.0277778,0,0.0277778,0,0.0277778,0,0.0277778,0,0.0277778,0,0.0277778,3,0.777778
1.25,5.5,2.82982,0.00236407,0.00236407,0.00236407,0.0341216,True,empty floor,0,0.0277778,0,0.0277778,0,0.0277778,0,0.0277778,0,0.0277778,0,0.0277778,0,0.0277778,0,0.0277778,3,0.777778
1,6.25,3.27774,0.00236407,0.00236407,0.00236407,0.0341216,True,empty floor,0,0.0277778,0,0.0277778,0,0.0277778,0,0.0277778,0,0.0277778,0,0.0277778,0,0.0277778,0,0.0277778,3,0.777778
1,5.5,2.66419,0.00236407,0.00236407,0.00236407,0.0341216,True,empty floor,0,0.0277778,0,0.0277778,0,0.0277778,0,0.0277778,0,0.0277778,0,0.0277778,0,0.0277778,0,0.0277778,3,0.777778
-1.5,5.25,1.97683,0.00236407,0.00236407,0.00236407,0.0341216,True,empty floor,0,0.0277778,0,0.0277778,0,0.0277778,0,0.0277778,0,0.0277778,0,0.0277778,0,0.0277778,0,0.0277778,3,0.777778
-1.75,5.25,2.09115,0.00236407,0.00236407,0.00236407,0.0341216,True,empty floor,0,0.0277778,0,0.0277778,0,0.0277778,0,0.0277778,0,0.0277778,0,0.0277778,0,0.0277778,0,0.0277778,3,0.777778
-2.25,5.25,2.38284,0.00236407,0.00236407,0.00236407,0.136486,False,person,0,0.111111,0,0.111111,0,0.111111,0,0.111111,0,0.111111,0,0.111111,0,0.111111,0,0.111111,0,0.111111
2,5,3.11164,0.00236407,0.00236407,0.00236407,0.0341216,True,empty floor,0,0.0277778,0,0.0277778,0,0.0277778,0,0.0277778,0,0.0277778,0,0.0277778,0,0.0277778,0,0.0277778,3,0.777778
1.75,5,2.89781,0.00236407,0.00236407,0.00236407,0.0341216,True,empty floor,0,0.0277778,0,0.0277778,0,0.0277778,0,0.0277778,0,0.0277778,0,0.0277778,0,0.0277778,0,0.0277778,3,0.777778
1.5,5,2.69023,0.00236407,0.00236407,0.00236407,0.0341216,True,empty floor,0,0.0277778,0,0.0277778,0,0.0277778,0,0.0277778,0,0.0277778,0,0.0277778,0,0.0277778,0,0.0277778,3,0.777778
1,5,2.30052,0.00236407,0.00236407,0.00236407,0.0341216,True,empty floor,0,0.0277778,0,0.0277778,0,0.0277778,0,0.0277778,0,0.0277778,0,0.0277778,0,0.0277778,0,0.0277778,3,0.777778
0.75,5,2.12307,0.00236407,0.00236407,0.00236407,0.0341216,True,empty floor,0,0.0277778,0,0.0277778,0,0.0277778,0,0.0277778,0,0.0277778,0,0.0277778,0,0.0277778,0,0.0277778,3,0.777778
0.5,5,1.96149,0.00236407,0.00236407,0.00236407,0.0341216,True,empty floor,0,0.0277778,0,0.0277778,0,0.0277778,0,0.0277778,0,0.0277778,0,0.0277778,0,0.0277778,0,0.0277778,3,0.777778
0.25,5,1.82002,0.00236407,0.00236407,0.00236407,0.0341216,True,empty floor,0,0.0277778,0,0.0277778,0,0.0277778,0,0.0277778,0,0.0277778,0,0.0277778,0,0.0277778,0,0.0277778,3,0.777778
0,5,1.70367,0.00236407,0.00236407,0.00236407,0.0341216,True,empty floor,0,0.0277778,0,0.0277778,0,0.0277778,0,0.0277778,0,0.0277778,0,0.0277778,0,0.0277778,0,0.0277778,3,0.777778
-0.25,5,1.61787,0.00236407,0.00236407,0.00236407,0.0341216,True,empty floor,0,0.0277778,0,0.0277778,0,0.0277778,0,0.0277778,0,0.0277778,0,0.0277778,0,0.0277778,0,0.0277778,3,0.777778
-0.5,5,1.56765,0.00236407,0.00236407,0.00236407,0.0341216,True,empty floor,0,0.0277778,0,0.0277778,0,0.0277778,0,0.0277778,0,0.0277778,0,0.0277778,0,0.0277778,0,0.0277778,3,0.777778
-0.75,5,1.55646,0.00236407,0.00236407,0.00236407,0.0341216,True,empty floor,0,0.0277778,0,0.0277778,0,0.0277778,0,0.0277778,0,0.0277778,0,0.0277778,0,0.0277778,0,0.0277778,3,0.777778
-1,5,1.58511,0.00236407,0.00236407,0.00236407,0.0341216,True,empty floor,0,0.0277778,0,0.0277778,0,0.0277778,0,0.0277778,0,0.0277778,0,0.0277778,0,0.0277778,0,0.0277778,3,0.777778
-1.25,5,1.65155,0.00236407,0.00236407,0.00236407,0.0341216,True,empty floor,0,0.0277778,0,0.0277778,0,0.0277778,0,0.0277778,0,0.0277778,0,0.0277778,0,0.0277778,0,0.0277778,3,0.777778
-1.5,5,1.75146,0.00236407,0.00236407,0.00236407,0.0341216,True,empty floor,0,0.0277778,0,0.0277778,0,0.0277778,0,0.0277778,0,0.0277778,0,0.0277778,0,0.0277778,0,0.0277778,3,0.777778
-1.75,5,1.87953,0.00236407,0.00236407,0.00236407,0.0341216,True,empty floor,0,0.0277778,0,0.0277778,0,0.0277778,0,0.0277778,0,0.0277778,0,0.0277778,0,0.0277778,0,0.0277778,3,0.777778
-2.25,5,2.19948,0.00236407,0.00236407,0.00236407,0.136486,False,person,0,0.111111,0,0.111111,0,0.111111,0,0.111111,0,0.111111,0,0.111111,0,0.111111,0,0.111111,0,0.111111
2,4.75,2.99451,0.00236407,0.00236407,0.00236407,0.0341216,True,empty floor,0,0.0277778,0,0.0277778,0,0.0277778,0,0.0277778,0,0.0277778,0,0.0277778,0,0.0277778,0,0.0277778,3,0.777778
1.75,4.75,2.77166,0.00236407,0.00236407,0.00236407,0.0341216,True,empty floor,0,0.0277778,0,0.0277778,0,0.0277778,0,0.0277778,0,0.0277778,0,0.0277778,0,0.0277778,0,0.0277778,3,0.777778
1.25,4.75,2.34246,0.00236407,0.00236407,0.00236407,0.0341216,True,empty floor,0,0.0277778,0,0.0277778,0,0.0277778,0,0.0277778,0,0.0277778,0,0.0277778,0,0.0277778,0,0.0277778,3,0.777778
1,4.75,2.13943,0.00236407,0.00236407,0.00236407,0.0341216,True,empty floor,0,0.0277778,0,0.0277778,0,0.0277778,0,0.0277778,0,0.0277778,0,0.0277778,0,0.0277778,0,0.0277778,3,0.777778
-1.25,5.25,1.88887,0.00236407,0.00236407,0.00236407,0.0341216,True,empty floor,0,0.0277778,0,0.0277778,0,0.0277778,0,0.0277778,0,0.0277778,0,0.0277778,0,0.0277778,0,0.0277778,3,0.777778
-1,5.25,1.83107,0.00236407,0.00236407,0.00236407,0.0341216,True,empty floor,0,0.0277778,0,0.0277778,0,0.0277778,0,0.0277778,0,0.0277778,0,0.0277778,0,0.0277778,0,0.0277778,3,0.777778
-0.75,5.25,1.80632,0.00236407,0.00236407,0.00236407,0.0341216,True,empty floor,0,0.0277778,0,0.0277778,0,0.0277778,0,0.0277778,0,0.0277778,0,0.0277778,0,0.0277778,0,0.0277778,3,0.777778
-1.75,5.5,2.31044,0.00236407,0.00236407,0.00236407,0.0341216,True,empty floor,0,0.0277778,0,0.0277778,0,0.0277778,0,0.0277778,0,0.0277778,0,0.0277778,0,0.0277778,0,0.0277778,3,0.777778
0.75,5.5,2.51255,0.00236407,0.00236407,0.00236407,0.0341216,True,empty floor,0,0.0277778,0,0.0277778,0,0.0277778,0,0.0277778,0,0.0277778,0,0.0277778,0,0.0277778,0,0.0277778,3,0.777778
0.5,5.5,2.37759,0.00236407,0.00236407,0.00236407,0.0341216,True,empty floor,0,0.0277778,0,0.0277778,0,0.0277778,0,0.0277778,0,0.0277778,0,0.0277778,0,0.0277778,0,0.0277778,3,0.777778
0.25,5.5,2.26229,0.00236407,0.00236407,0.00236407,0.0341216,True,empty floor,0,0.0277778,0,0.0277778,0,0.0277778,0,0.0277778,0,0.0277778,0,0.0277778,0,0.0277778,0,0.0277778,3,0.777778
0,5.5,2.16979,0.00236407,0.00236407,0.00236407,0.0341216,True,empty floor,0,0.0277778,0,0.0277778,0,0.0277778,0,0.0277778,0,0.0277778,0,0.0277778,0,0.0277778,0,0.0277778,3,0.777778
-0.25,5.5,2.10309,0.00236407,0.00236407,0.00236407,0.0341216,True,empty floor,0,0.0277778,0,0.0277778,0,0.0277778,0,0.0277778,0,0.0277778,0,0.0277778,0,0.0277778,0,0.0277778,3,0.777778
-0.5,5.5,2.06471,0.00236407,0.00236407,0.00236407,0.0341216,True,empty floor,0,0.0277778,0,0.0277778,0,0.0277778,0,0.0277778,0,0.0277778,0,0.0277778,0,0.0277778,0,0.0277778,3,0.777778
-0.75,5.5,2.05622,0.00236407,0.00236407,0.00236407,0.0341216,True,empty floor,0,0.0277778,0,0.0277778,0,0.0277778,0,0.0277778,0,0.0277778,0,0.0277778,0,0.0277778,0,0.0277778,3,0.777778
-1,5.5,2.07799,0.00236407,0.00236407,0.00236407,0.0341216,True,empty floor,0,0.0277778,0,0.0277778,0,0.0277778,0,0.0277778,0,0.0277778,0,0.0277778,0,0.0277778,0,0.0277778,3,0.777778
-1.25,5.5,2.1291,0.00236407,0.00236407,0.00236407,0.0341216,True,empty floor,0,0.0277778,0,0.0277778,0,0.0277778,0,0.0277778,0,0.0277778,0,0.0277778,0,0.0277778,0,0.0277778,3,0.777778
-1.5,5.5,2.20751,0.00236407,0.00236407,0.00236407,0.0341216,True,empty floor,0,0.0277778,0,0.0277778,0,0.0277778,0,0.0277778,0,0.0277778,0,0.0277778,0,0.0277778,0,0.0277778,3,0.777778
-2.25,5.5,2.57744,0.00236407,0.00236407,0.00236407,0.136486,False,person,0,0.111111,0,0.111111,0,0.111111,0,0.111111,0,0.111111,0,0.111111,0,0.111111,0,0.111111,0,0.111111
-0.5,5.25,1.81598,0.00236407,0.00236407,0.00236407,0.0341216,True,empty floor,0,0.0277778,0,0.0277778,0,0.0277778,0,0.0277778,0,0.0277778,0,0.0277778,0,0.0277778,0,0.0277778,3,0.777778
2,5.25,3.24385,0.00236407,0.00236407,0.00236407,0.0341216,True,empty floor,0,0.0277778,0,0.0277778,0,0.0277778,0,0.0277778,0,0.0277778,0,0.0277778,0,0.0277778,0,0.0277778,3,0.777778
1.75,5.25,3.03934,0.00236407,0.00236407,0.00236407,0.0341216,True,empty floor,0,0.0277778,0,0.0277778,0,0.0277778,0,0.0277778,0,0.0277778,0,0.0277778,0,0.0277778,0,0.0277778,3,0.777778
1.5,5.25,2.84211,0.00236407,0.00236407,0.00236407,0.0341216,True,empty floor,0,0.0277778,0,0.0277778,0,0.0277778,0,0.0277778,0,0.0277778,0,0.0277778,0,0.0277778,0,0.0277778,3,0.777778
1.25,5.25,2.65379,0.00236407,0.00236407,0.00236407,0.0341216,True,empty floor,0,0.0277778,0,0.0277778,0,0.0277778,0,0.0277778,0,0.0277778,0,0.0277778,0,0.0277778,0,0.0277778,3,0.777778
1,5.25,2.47642,0.00236407,0.00236407,0.00236407,0.0341216,True,empty floor,0,0.0277778,0,0.0277778,0,0.0277778,0,0.0277778,0,0.0277778,0,0.0277778,0,0.0277778,0,0.0277778,3,0.777778
0.75,5.25,2.3125,0.00236407,0.00236407,0.00236407,0.0341216,True,empty floor,0,0.0277778,0,0.0277778,0,0.0277778,0,0.0277778,0,0.0277778,0,0.0277778,0,0.0277778,0,0.0277778,3,0.777778
0.5,5.25,2.16511,0.00236407,0.00236407,0.00236407,0.0341216,True,empty floor,0,0.0277778,0,0.0277778,0,0.0277778,0,0.0277778,0,0.0277778,0,0.0277778,0,0.0277778,0,0.0277778,3,0.777778
0.25,5.25,2.03782,0.00236407,0.00236407,0.00236407,0.0341216,True,empty floor,0,0.0277778,0,0.0277778,0,0.0277778,0,0.0277778,0,0.0277778,0,0.0277778,0,0.0277778,0,0.0277778,3,0.777778
0,5.25,1.93461,0.00236407,0.00236407,0.00236407,0.0341216,True,empty floor,0,0.0277778,0,0.0277778,0,0.0277778,0,0.0277778,0,0.0277778,0,0.0277778,0,0.0277778,0,0.0277778,3,0.777778
-0.25,5.25,1.8595,0.00236407,0.00236407,0.00236407,0.0341216,True,empty floor,0,0.0277778,0,0.0277778,0,0.0277778,0,0.0277778,0,0.0277778,0,0.0277778,0,0.0277778,0,0.0277778,3,0.777778
0.75,6.25,3.15573,0.00236407,0.00236407,0.00236407,0.0341216,True,empty floor,0,0.0277778,0,0.0277778,0,0.0277778,0,0.0277778,0,0.0277778,0,0.0277778,0,0.0277778,0,0.0277778,3,0.777778
1.25,6.25,3.41373,0.00236407,0.00236407,0.00236407,0.0341216,True,empty floor,0,0.0277778,0,0.0277778,0,0.0277778,0,0.0277778,0,0.0277778,0,0.0277778,0,0.0277778,0,0.0277778,3,0.777778
0.5,4.75,1.7698,0.00236407,0.00236407,0.00236407,0.0341216,True,empty floor,0,0.0277778,0,0.0277778,0,0.0277778,0,0.0277778,0,0.0277778,0,0.0277778,0,0.0277778,0,0.0277778,3,0.777778
1.5,7,4.17843,0.00236407,0.00236407,0.00236407,0.0341216,True,empty floor,0,0.0277778,0,0.0277778,0,0.0277778,0,0.0277778,0,0.0277778,0,0.0277778,0,0.0277778,0,0.0277778,3,0.777778
-1.5,7.5,4.13461,0.00236407,0.00236407,0.00236407,0.0341216,True,empty floor,0,0.0277778,0,0.0277778,0,0.0277778,0,0.0277778,0,0.0277778,0,0.0277778,0,0.0277778,0,0.0277778,3,0.777778
-1.75,7.5,4.19047,0.00236407,0.00236407,0.00236407,0.0341216,True,empty floor,0,0.0277778,0,0.0277778,0,0.0277778,0,0.0277778,0,0.0277778,0,0.0277778,0,0.0277778,0,0.0277778,3,0.777778
-2,7.5,4.26029,0.00236407,0.00236407,0.00236407,0.0341216,True,empty floor,0,0.0277778,0,0.0277778,0,0.0277778,0,0.0277778,0,0.0277778,0,0.0277778,0,0.0277778,0,0.0277778,3,0.777778
-2.25,7.5,4.3434,0.00236407,0.00236407,0.00236407,0.0341216,True,empty floor,0,0.0277778,0,0.0277778,0,0.0277778,0,0.0277778,0,0.0277778,0,0.0277778,0,0.0277778,0,0.0277778,3,0.777778
2,7.25,4.6631,0.00236407,0.00236407,0.00236407,0.0341216,True,empty floor,0,0.0277778,0,0.0277778,0,0.0277778,0,0.0277778,0,0.0277778,0,0.0277778,0,0.0277778,0,0.0277778,3,0.777778
1.75,7.25,4.52322,0.00236407,0.00236407,0.00236407,0.0341216,True,empty floor,0,0.0277778,0,0.0277778,0,0.0277778,0,0.0277778,0,0.0277778,0,0.0277778,0,0.0277778,0,0.0277778,3,0.777778
1.5,7.25,4.39312,0.00236407,0.00236407,0.00236407,0.0341216,True,empty floor,0,0.0277778,0,0.0277778,0,0.0277778,0,0.0277778,0,0.0277778,0,0.0277778,0,0.0277778,0,0.0277778,3,0.777778
1.25,7.25,4.2737,0.00236407,0.00236407,0.00236407,0.0341216,True,empty floor,0,0.0277778,0,0.0277778,0,0.0277778,0,0.0277778,0,0.0277778,0,0.0277778,0,0.0277778,0,0.0277778,3,0.777778
1,7.25,4.16588,0.00236407,0.00236407,0.00236407,0.0341216,True,empty floor,0,0.0277778,0,0.0277778,0,0.0277778,0,0.0277778,0,0.0277778,0,0.0277778,0,0.0277778,0,0.0277778,3,0.777778
0.75,7.25,4.07058,0.00236407,0.00236407,0.00236407,0.0341216,True,empty floor,0,0.0277778,0,0.0277778,0,0.0277778,0,0.0277778,0,0.0277778,0,0.0277778,0,0.0277778,0,0.0277778,3,0.777778
0.5,7.25,3.98869,0.00236407,0.00236407,0.00236407,0.0341216,True,empty floor,0,0.0277778,0,0.0277778,0,0.0277778,0,0.0277778,0,0.0277778,0,0.0277778,0,0.0277778,0,0.0277778,3,0.777778
0.25,7.25,3.92105,0.00236407,0.00236407,0.00236407,0.0341216,True,empty floor,0,0.0277778,0,0.0277778,0,0.0277778,0,0.0277778,0,0.0277778,0,0.0277778,0,0.0277778,0,0.0277778,3,0.777778
0,7.25,3.86842,0.00236407,0.00236407,0.00236407,0.0341216,True,empty floor,0,0.0277778,0,0.0277778,0,0.0277778,0,0.0277778,0,0.0277778,0,0.0277778,0,0.0277778,0,0.0277778,3,0.777778
-0.25,7.25,3.83141,0.00236407,0.00236407,0.00236407,0.0341216,True,empty floor,0,0.0277778,0,0.0277778,0,0.0277778,0,0.0277778,0,0.0277778,0,0.0277778,0,0.0277778,0,0.0277778,3,0.777778
-0.5,7.25,3.81047,0.00236407,0.00236407,0.00236407,0.0341216,True,empty floor,0,0.0277778,0,0.0277778,0,0.0277778,0,0.0277778,0,0.0277778,0,0.0277778,0,0.0277778,0,0.0277778,3,0.777778
-0.75,7.25,3.80588,0.00236407,0.00236407,0.00236407,0.0341216,True,empty floor,0,0.0277778,0,0.0277778,0,0.0277778,0,0.0277778,0,0.0277778,0,0.0277778,0,0.0277778,0,0.0277778,3,0.777778
-1,7.25,3.81769,0.00236407,0.00236407,0.00236407,0.0341216,True,empty floor,0,0.0277778,0,0.0277778,0,0.0277778,0,0.0277778,0,0.0277778,0,0.0277778,0,0.0277778,0,0.0277778,3,0.777778
-1.25,7.25,3.84575,0.00236407,0.00236407,0.00236407,0.0341216,True,empty floor,0,0.0277778,0,0.0277778,0,0.0277778,0,0.0277778,0,0.0277778,0,0.0277778,0,0.0277778,0,0.0277778,3,0.777778
-1.5,7.25,3.8897,0.00236407,0.00236407,0.00236407,0.0341216,True,empty floor,0,0.0277778,0,0.0277778,0,0.0277778,0,0.0277778,0,0.0277778,0,0.0277778,0,0.0277778,0,0.0277778,3,0.777778
-1.75,7.25,3.94903,0.00236407,0.00236407,0.00236407,0.0341216,True,empty floor,0,0.0277778,0,0.0277778,0,0.0277778,0,0.0277778,0,0.0277778,0,0.0277778,0,0.0277778,0,0.0277778,3,0.777778
-2,7.25,4.02304,0.00236407,0.00236407,0.00236407,0.0341216,True,empty floor,0,0.0277778,0,0.0277778,0,0.0277778,0,0.0277778,0,0.0277778,0,0.0277778,0,0.0277778,0,0.0277778,3,0.777778
-2.25,7.25,4.11094,0.00236407,0.00236407,0.00236407,0.0341216,True,empty floor,0,0.0277778,0,0.0277778,0,0.0277778,0,0.0277778,0,0.0277778,0,0.0277778,0,0.0277778,0,0.0277778,3,0.777778
2,7,4.46142,0.00236407,0.00236407,0.00236407,0.0341216,True,empty floor,0,0.0277778,0,0.0277778,0,0.0277778,0,0.0277778,0,0.0277778,0,0.0277778,0,0.0277778,0,0.0277778,3,0.777778
-1.25,7.5,4.09329,0.00236407,0.00236407,0.00236407,0.0341216,True,empty floor,0,0.0277778,0,0.0277778,0,0.0277778,0,0.0277778,0,0.0277778,0,0.0277778,0,0.0277778,0,0.0277778,3,0.777778
-0.75,7.5,4.05586,0.00236407,0.00236407,0.00236407,0.0341216,True,empty floor,0,0.0277778,0,0.0277778,0,0.0277778,0,0.0277778,0,0.0277778,0,0.0277778,0,0.0277778,0,0.0277778,3,0.777778
0.25,7.5,4.16412,0.00236407,0.00236407,0.00236407,0.0341216,True,empty floor,0,0.0277778,0,0.0277778,0,0.0277778,0,0.0277778,0,0.0277778,0,0.0277778,0,0.0277778,0,0.0277778,3,0.777778
-0.75,7.75,4.30583,0.00236407,0.00236407,0.00236407,0.0341216,True,empty floor,0,0.0277778,0,0.0277778,0,0.0277778,0,0.0277778,0,0.0277778,0,0.0277778,0,0.0277778,0,0.0277778,3,0.777778
1.75,7.75,4.95126,0.00236407,0.00236407,0.00236407,0.0341216,True,empty floor,0,0.0277778,0,0.0277778,0,0.0277778,0,0.0277778,0,0.0277778,0,0.0277778,0,0.0277778,0,0.0277778,3,0.777778
1.5,7.75,4.8327,0.00236407,0.00236407,0.00236407,0.0341216,True,empty floor,0,0.0277778,0,0.0277778,0,0.0277778,0,0.0277778,0,0.0277778,0,0.0277778,0,0.0277778,0,0.0277778,3,0.777778
1.25,7.75,4.72441,0.00236407,0.00236407,0.00236407,0.0341216,True,empty floor,0,0.0277778,0,0.0277778,0,0.0277778,0,0.0277778,0,0.0277778,0,0.0277778,0,0.0277778,0,0.0277778,3,0.777778
1,7.75,4.6271,0.00236407,0.00236407,0.00236407,0.0341216,True,empty floor,0,0.0277778,0,0.0277778,0,0.0277778,0,0.0277778,0,0.0277778,0,0.0277778,0,0.0277778,0,0.0277778,3,0.777778
0.75,7.75,4.54148,0.00236407,0.00236407,0.00236407,0.0341216,True,empty floor,0,0.0277778,0,0.0277778,0,0.0277778,0,0.0277778,0,0.0277778,0,0.0277778,0,0.0277778,0,0.0277778,3,0.777778
0.5,7.75,4.46823,0.00236407,0.00236407,0.00236407,0.0341216,True,empty floor,0,0.0277778,0,0.0277778,0,0.0277778,0,0.0277778,0,0.0277778,0,0.0277778,0,0.0277778,0,0.0277778,3,0.777778
0.25,7.75,4.40796,0.00236407,0.00236407,0.00236407,0.0341216,True,empty floor,0,0.0277778,0,0.0277778,0,0.0277778,0,0.0277778,0,0.0277778,0,0.0277778,0,0.0277778,0,0.0277778,3,0.777778
0,7.75,4.36121,0.00236407,0.00236407,0.00236407,0.0341216,True,empty floor,0,0.0277778,0,0.0277778,0,0.0277778,0,0.0277778,0,0.0277778,0,0.0277778,0,0.0277778,0,0.0277778,3,0.777778
-0.25,7.75,4.32841,0.00236407,0.00236407,0.00236407,0.0341216,True,empty floor,0,0.0277778,0,0.0277778,0,0.0277778,0,0.0277778,0,0.0277778,0,0.0277778,0,0.0277778,0,0.0277778,3,0.777778
-0.5,7.75,4.30989,0.00236407,0.00236407,0.00236407,0.0341216,True,empty floor,0,0.0277778,0,0.0277778,0,0.0277778,0,0.0277778,0,0.0277778,0,0.0277778,0,0.0277778,0,0.0277778,3,0.777778
-1,7.75,4.31628,0.00236407,0.00236407,0.00236407,0.0341216,True,empty floor,0,0.0277778,0,0.0277778,0,0.0277778,0,0.0277778,0,0.0277778,0,0.0277778,0,0.0277778,0,0.0277778,3,0.777778
0.5,7.5,4.22787,0.00236407,0.00236407,0.00236407,0.0341216,True,empty floor,0,0.0277778,0,0.0277778,0,0.0277778,0,0.0277778,0,0.0277778,0,0.0277778,0,0.0277778,0,0.0277778,3,0.777778
-1.25,7.75,4.34111,0.00236407,0.00236407,0.00236407,0.0341216,True,empty floor,0,0.0277778,0,0.0277778,0,0.0277778,0,0.0277778,0,0.0277778,0,0.0277778,0,0.0277778,0,0.0277778,3,0.777778
-1.5,7.75,4.3801,0.00236407,0.00236407,0.00236407,0.0341216,True,empty floor,0,0.0277778,0,0.0277778,0,0.0277778,0,0.0277778,0,0.0277778,0,0.0277778,0,0.0277778,0,0.0277778,3,0.777778
-1.75,7.75,4.43287,0.00236407,0.00236407,0.00236407,0.0341216,True,empty floor,0,0.0277778,0,0.0277778,0,0.0277778,0,0.0277778,0,0.0277778,0,0.0277778,0,0.0277778,0,0.0277778,3,0.777778
-2.25,7.75,4.5777,0.00236407,0.00236407,0.00236407,0.0341216,True,empty floor,0,0.0277778,0,0.0277778,0,0.0277778,0,0.0277778,0,0.0277778,0,0.0277778,0,0.0277778,0,0.0277778,3,0.777778
2,7.5,4.86926,0.00236407,0.00236407,0.00236407,0.0341216,True,empty floor,0,0.0277778,0,0.0277778,0,0.0277778,0,0.0277778,0,0.0277778,0,0.0277778,0,0.0277778,0,0.0277778,3,0.777778
1.75,7.5,4.73548,0.00236407,0.00236407,0.00236407,0.0341216,True,empty floor,0,0.0277778,0,0.0277778,0,0.0277778,0,0.0277778,0,0.0277778,0,0.0277778,0,0.0277778,0,0.0277778,3,0.777778
1.5,7.5,4.61137,0.00236407,0.00236407,0.00236407,0.0341216,True,empty floor,0,0.0277778,0,0.0277778,0,0.0277778,0,0.0277778,0,0.0277778,0,0.0277778,0,0.0277778,0,0.0277778,3,0.777778
1.25,7.5,4.49775,0.00236407,0.00236407,0.00236407,0.0341216,True,empty floor,0,0.0277778,0,0.0277778,0,0.0277778,0,0.0277778,0,0.0277778,0,0.0277778,0,0.0277778,0,0.0277778,3,0.777778
1,7.5,4.39543,0.00236407,0.00236407,0.00236407,0.0341216,True,empty floor,0,0.0277778,0,0.0277778,0,0.0277778,0,0.0277778,0,0.0277778,0,0.0277778,0,0.0277778,0,0.0277778,3,0.777778
0.75,7.5,4.30521,0.00236407,0.00236407,0.00236407,0.0341216,True,empty floor,0,0.0277778,0,0.0277778,0,0.0277778,0,0.0277778,0,0.0277778,0,0.0277778,0,0.0277778,0,0.0277778,3,0.777778
1.75,7,4.315,0.00236407,0.00236407,0.00236407,0.0341216,True,empty floor,0,0.0277778,0,0.0277778,0,0.0277778,0,0.0277778,0,0.0277778,0,0.0277778,0,0.0277778,0,0.0277778,3,0.777778
1.25,7,4.05269,0.00236407,0.00236407,0.00236407,0.0341216,True,empty floor,0,0.0277778,0,0.0277778,0,0.0277778,0,0.0277778,0,0.0277778,0,0.0277778,0,0.0277778,0,0.0277778,3,0.777778
1.5,6.25,3.5621,0.00236407,0.00236407,0.00236407,0.0341216,True,empty floor,0,0.0277778,0,0.0277778,0,0.0277778,0,0.0277778,0,0.0277778,0,0.0277778,0,0.0277778,0,0.0277778,3,0.777778
1,7,3.93882,0.00236407,0.00236407,0.00236407,0.0341216,True,empty floor,0,0.0277778,0,0.0277778,0,0.0277778,0,0.0277778,0,0.0277778,0,0.0277778,0,0.0277778,0,0.0277778,3,0.777778
-1.5,6.75,3.4021,0.00236407,0.00236407,0.00236407,0.0341216,True,empty floor,0,0.0277778,0,0.0277778,0,0.0277778,0,0.0277778,0,0.0277778,0,0.0277778,0,0.0277778,0,0.0277778,3,0.777778
-1.75,6.75,3.46977,0.00236407,0.00236407,0.00236407,0.0341216,True,empty floor,0,0.0277778,0,0.0277778,0,0.0277778,0,0.0277778,0,0.0277778,0,0.0277778,0,0.0277778,0,0.0277778,3,0.777778
-2.25,6.75,3.653,0.00236407,0.00236407,0.00236407,0.0341216,True,empty floor,0,0.0277778,0,0.0277778,0,0.0277778,0,0.0277778,0,0.0277778,0,0.0277778,0,0.0277778,0,0.0277778,3,0.777778
2,6.5,4.07416,0.00236407,0.00236407,0.00236407,0.0341216,True,empty floor,0,0.0277778,0,0.0277778,0,0.0277778,0,0.0277778,0,0.0277778,0,0.0277778,0,0.0277778,0,0.0277778,3,0.777778
1.75,6.5,3.91328,0.00236407,0.00236407,0.00236407,0.0341216,True,empty floor,0,0.0277778,0,0.0277778,0,0.0277778,0,0.0277778,0,0.0277778,0,0.0277778,0,0.0277778,0,0.0277778,3,0.777778
1.5,6.5,3.76215,0.00236407,0.00236407,0.00236407,0.0341216,True,empty floor,0,0.0277778,0,0.0277778,0,0.0277778,0,0.0277778,0,0.0277778,0,0.0277778,0,0.0277778,0,0.0277778,3,0.777778
1.25,6.5,3.62199,0.00236407,0.00236407,0.00236407,0.0341216,True,empty floor,0,0.0277778,0,0.0277778,0,0.0277778,0,0.0277778,0,0.0277778,0,0.0277778,0,0.0277778,0,0.0277778,3,0.777778
1,6.5,3.49412,0.00236407,0.00236407,0.00236407,0.0341216,True,empty floor,0,0.0277778,0,0.0277778,0,0.0277778,0,0.0277778,0,0.0277778,0,0.0277778,0,0.0277778,0,0.0277778,3,0.777778
0.75,6.5,3.37992,0.00236407,0.00236407,0.00236407,0.0341216,True,empty floor,0,0.0277778,0,0.0277778,0,0.0277778,0,0.0277778,0,0.0277778,0,0.0277778,0,0.0277778,0,0.0277778,3,0.777778
0.5,6.5,3.28084,0.00236407,0.00236407,0.00236407,0.0341216,True,empty floor,0,0.0277778,0,0.0277778,0,0.0277778,0,0.0277778,0,0.0277778,0,0.0277778,0,0.0277778,0,0.0277778,3,0.777778
0.25,6.5,3.19827,0.00236407,0.00236407,0.00236407,0.0341216,True,empty floor,0,0.0277778,0,0.0277778,0,0.0277778,0,0.0277778,0,0.0277778,0,0.0277778,0,0.0277778,0,0.0277778,3,0.777778
0,6.5,3.13352,0.00236407,0.00236407,0.00236407,0.0341216,True,empty floor,0,0.0277778,0,0.0277778,0,0.0277778,0,0.0277778,0,0.0277778,0,0.0277778,0,0.0277778,0,0.0277778,3,0.777778
-0.25,6.5,3.08771,0.00236407,0.00236407,0.00236407,0.0341216,True,empty floor,0,0.0277778,0,0.0277778,0,0.0277778,0,0.0277778,0,0.0277778,0,0.0277778,0,0.0277778,0,0.0277778,3,0.777778
-0.5,6.5,3.0617,0.00236407,0.00236407,0.00236407,0.0341216,True,empty floor,0,0.0277778,0,0.0277778,0,0.0277778,0,0.0277778,0,0.0277778,0,0.0277778,0,0.0277778,0,0.0277778,3,0.777778
-0.75,6.5,3.05598,0.00236407,0.00236407,0.00236407,0.0341216,True,empty floor,0,0.0277778,0,0.0277778,0,0.0277778,0,0.0277778,0,0.0277778,0,0.0277778,0,0.0277778,0,0.0277778,3,0.777778
-1,6.5,3.07067,0.00236407,0.00236407,0.00236407,0.0341216,True,empty floor,0,0.0277778,0,0.0277778,0,0.0277778,0,0.0277778,0,0.0277778,0,0.0277778,0,0.0277778,0,0.0277778,3,0.777778
-1.25,6.5,3.10549,0.00236407,0.00236407,0.00236407,0.0341216,True,empty floor,0,0.0277778,0,0.0277778,0,0.0277778,0,0.0277778,0,0.0277778,0,0.0277778,0,0.0277778,0,0.0277778,3,0.777778
-1.5,6.5,3.15976,0.00236407,0.00236407,0.00236407,0.0341216,True,empty floor,0,0.0277778,0,0.0277778,0,0.0277778,0,0.0277778,0,0.0277778,0,0.0277778,0,0.0277778,0,0.0277778,3,0.777778
-1.75,6.5,3.23251,0.00236407,0.00236407,0.00236407,0.0341216,True,empty floor,0,0.0277778,0,0.0277778,0,0.0277778,0,0.0277778,0,0.0277778,0,0.0277778,0,0.0277778,0,0.0277778,3,0.777778
-2,6.5,3.32252,0.00236407,0.00236407,0.00236407,0.0341216,True,empty floor,0,0.0277778,0,0.0277778,0,0.0277778,0,0.0277778,0,0.0277778,0,0.0277778,0,0.0277778,0,0.0277778,3,0.777778
-2.25,6.5,3.42843,0.00236407,0.00236407,0.00236407,0.0341216,True,empty floor,0,0.0277778,0,0.0277778,0,0.0277778,0,0.0277778,0,0.0277778,0,0.0277778,0,0.0277778,0,0.0277778,3,0.777778
2,6.25,3.89018,0.00236407,0.00236407,0.00236407,0.0341216,True,empty floor,0,0.0277778,0,0.0277778,0,0.0277778,0,0.0277778,0,0.0277778,0,0.0277778,0,0.0277778,0,0.0277778,3,0.777778
1.75,6.25,3.72136,0.00236407,0.00236407,0.00236407,0.0341216,True,empty floor,0,0.0277778,0,0.0277778,0,0.0277778,0,0.0277778,0,0.0277778,0,0.0277778,0,0.0277778,0,0.0277778,3,0.777778
-1.25,6.75,3.35176,0.00236407,0.00236407,0.00236407,0.0341216,True,empty floor,0,0.0277778,0,0.0277778,0,0.0277778,0,0.0277778,0,0.0277778,0,0.0277778,0,0.0277778,0,0.0277778,3,0.777778
-1,6.75,3.31953,0.00236407,0.00236407,0.00236407,0.0341216,True,empty floor,0,0.0277778,0,0.0277778,0,0.0277778,0,0.0277778,0,0.0277778,0,0.0277778,0,0.0277778,0,0.0277778,3,0.777778
-0.75,6.75,3.30594,0.00236407,0.00236407,0.00236407,0.0341216,True,empty floor,0,0.0277778,0,0.0277778,0,0.0277778,0,0.0277778,0,0.0277778,0,0.0277778,0,0.0277778,0,0.0277778,3,0.777778
-1.75,7,3.70872,0.00236407,0.00236407,0.00236407,0.0341216,True,empty floor,0,0.0277778,0,0.0277778,0,0.0277778,0,0.0277778,0,0.0277778,0,0.0277778,0,0.0277778,0,0.0277778,3,0.777778
0.75,7,3.83788,0.00236407,0.00236407,0.00236407,0.0341216,True,empty floor,0,0.0277778,0,0.0277778,0,0.0277778,0,0.0277778,0,0.0277778,0,0.0277778,0,0.0277778,0,0.0277778,3,0.777778
0.5,7,3.75092,0.00236407,0.00236407,0.00236407,0.0341216,True,empty floor,0,0.0277778,0,0.0277778,0,0.0277778,0,0.0277778,0,0.0277778,0,0.0277778,0,0.0277778,0,0.0277778,3,0.777778
0.25,7,3.67891,0.00236407,0.00236407,0.00236407,0.0341216,True,empty floor,0,0.0277778,0,0.0277778,0,0.0277778,0,0.0277778,0,0.0277778,0,0.0277778,0,0.0277778,0,0.0277778,3,0.777778
0,7,3.62276,0.00236407,0.00236407,0.00236407,0.0341216,True,empty floor,0,0.0277778,0,0.0277778,0,0.0277778,0,0.0277778,0,0.0277778,0,0.0277778,0,0.0277778,0,0.0277778,3,0.777778
-0.25,7,3.58322,0.00236407,0.00236407,0.00236407,0.0341216,True,empty floor,0,0.0277778,0,0.0277778,0,0.0277778,0,0.0277778,0,0.0277778,0,0.0277778,0,0.0277778,0,0.0277778,3,0.777778
-0.5,7,3.56082,0.00236407,0.00236407,0.00236407,0.0341216,True,empty floor,0,0.0277778,0,0.0277778,0,0.0277778,0,0.0277778,0,0.0277778,0,0.0277778,0,0.0277778,0,0.0277778,3,0.777778
-0.75,7,3.55591,0.00236407,0.00236407,0.00236407,0.0341216,True,empty floor,0,0.0277778,0,0.0277778,0,0.0277778,0,0.0277778,0,0.0277778,0,0.0277778,0,0.0277778,0,0.0277778,3,0.777778
-1,7,3.56854,0.00236407,0.00236407,0.00236407,0.0341216,True,empty floor,0,0.0277778,0,0.0277778,0,0.0277778,0,0.0277778,0,0.0277778,0,0.0277778,0,0.0277778,0,0.0277778,3,0.777778
-1.25,7,3.59855,0.00236407,0.00236407,0.00236407,0.0341216,True,empty floor,0,0.0277778,0,0.0277778,0,0.0277778,0,0.0277778,0,0.0277778,0,0.0277778,0,0.0277778,0,0.0277778,3,0.777778
-1.5,7,3.64548,0.00236407,0.00236407,0.00236407,0.0341216,True,empty floor,0,0.0277778,0,0.0277778,0,0.0277778,0,0.0277778,0,0.0277778,0,0.0277778,0,0.0277778,0,0.0277778,3,0.777778
-2,7,3.78743,0.00236407,0.00236407,0.00236407,0.0341216,True,empty floor,0,0.0277778,0,0.0277778,0,0.0277778,0,0.0277778,0,0.0277778,0,0.0277778,0,0.0277778,0,0.0277778,3,0.777778
-0.5,6.75,3.31123,0.00236407,0.00236407,0.00236407,0.0341216,True,empty floor,0,0.0277778,0,0.0277778,0,0.0277778,0,0.0277778,0,0.0277778,0,0.0277778,0,0.0277778,0,0.0277778,3,0.777778
-2.25,7,3.88067,0.00236407,0.00236407,0.00236407,0.0341216,True,empty floor,0,0.0277778,0,0.0277778,0,0.0277778,0,0.0277778,0,0.0277778,0,0.0277778,0,0.0277778,0,0.0277778,3,0.777778
2,6.75,4.26486,0.00236407,0.00236407,0.00236407,0.0341216,True,empty floor,0,0.0277778,0,0.0277778,0,0.0277778,0,0.0277778,0,0.0277778,0,0.0277778,0,0.0277778,0,0.0277778,3,0.777778
1.75,6.75,4.11145,0.00236407,0.00236407,0.00236407,0.0341216,True,empty floor,0,0.0277778,0,0.0277778,0,0.0277778,0,0.0277778,0,0.0277778,0,0.0277778,0,0.0277778,0,0.0277778,3,0.777778
1.5,6.75,3.96788,0.00236407,0.00236407,0.00236407,0.0341216,True,empty floor,0,0.0277778,0,0.0277778,0,0.0277778,0,0.0277778,0,0.0277778,0,0.0277778,0,0.0277778,0,0.0277778,3,0.777778
1,6.75,3.71471,0.00236407,0.00236407,0.00236407,0.0341216,True,empty floor,0,0.0277778,0,0.0277778,0,0.0277778,0,0.0277778,0,0.0277778,0,0.0277778,0,0.0277778,0,0.0277778,3,0.777778
0.75,6.75,3.60751,0.00236407,0.00236407,0.00236407,0.0341216,True,empty floor,0,0.0277778,0,0.0277778,0,0.0277778,0,0.0277778,0,0.0277778,0,0.0277778,0,0.0277778,0,0.0277778,3,0.777778
0.5,6.75,3.51484,0.00236407,0.00236407,0.00236407,0.0341216,True,empty floor,0,0.0277778,0,0.0277778,0,0.0277778,0,0.0277778,0,0.0277778,0,0.0277778,0,0.0277778,0,0.0277778,3,0.777778
0.25,6.75,3.4379,0.00236407,0.00236407,0.00236407,0.0341216,True,empty floor,0,0.0277778,0,0.0277778,0,0.0277778,0,0.0277778,0,0.0277778,0,0.0277778,0,0.0277778,0,0.0277778,3,0.777778
0,6.75,3.37775,0.00236407,0.00236407,0.00236407,0.0341216,True,empty floor,0,0.0277778,0,0.0277778,0,0.0277778,0,0.0277778,0,0.0277778,0,0.0277778,0,0.0277778,0,0.0277778,3,0.777778
-0.25,6.75,3.3353,0.00236407,0.00236407,0.00236407,0.0341216,True,empty floor,0,0.0277778,0,0.0277778,0,0.0277778,0,0.0277778,0,0.0277778,0,0.0277778,0,0.0277778,0,0.0277778,3,0.777778
0.75,4.75,1.94735,0.00236407,0.00236407,0.00236407,0.0341216,True,empty floor,0,0.0277778,0,0.0277778,0,0.0277778,0,0.0277778,0,0.0277778,0,0.0277778,0,0.0277778,0,0.0277778,3,0.777778
0.25,4.75,1.61159,0.00236407,0.00236407,0.00236407,0.0341216,True,empty floor,0,0.0277778,0,0.0277778,0,0.0277778,0,0.0277778,0,0.0277778,0,0.0277778,0,0.0277778,0,0.0277778,3,0.777778
-2,1.75,2.13882,0.00236407,0.00236407,0.00236407,0.136486,False,person,0,0.111111,0,0.111111,0,0.111111,0,0.111111,0,0.111111,0,0.111111,0,0.111111,0,0.111111,0,0.111111
-1.75,2.5,1.41606,0.00236407,0.00236407,0.00236407,0.136486,False,person,0,0.111111,0,0.111111,0,0.111111,0,0.111111,0,0.111111,0,0.111111,0,0.111111,0,0.111111,0,0.111111
0.25,2.75,1.17273,0.00236407,0.00236407,0.00236407,0.136486,False,person,0,0.111111,0,0.111111,0,0.111111,0,0.111111,0,0.111111,0,0.111111,0,0.111111,0,0.111111,0,0.111111
0,2.75,0.982505,0.00236407,0.00236407,0.00236407,0.136486,False,person,0,0.111111,0,0.111111,0,0.111111,0,0.111111,0,0.111111,0,0.111111,0,0.111111,0,0.111111,0,0.111111
-0.25,2.75,0.824826,0.00236407,0.00236407,0.00236407,0.136486,False,person,0,0.111111,0,0.111111,0,0.111111,0,0.111111,0,0.111111,0,0.111111,0,0.111111,0,0.111111,0,0.111111
-0.5,2.75,0.721361,0.00236407,0.00236407,0.00236407,0.136486,False,person,0,0.111111,0,0.111111,0,0.111111,0,0.111111,0,0.111111,0,0.111111,0,0.111111,0,0.111111,0,0.111111
-0.75,2.75,0.696695,0.00236407,0.00236407,0.00236407,0.136486,False,person,0,0.111111,0,0.111111,0,0.111111,0,0.111111,0,0.111111,0,0.111111,0,0.111111,0,0.111111,0,0.111111
-1,2.75,0.758556,0.00236407,0.00236407,0.00236407,0.136486,False,person,0,0.111111,0,0.111111,0,0.111111,0,0.111111,0,0.111111,0,0.111111,0,0.111111,0,0.111111,0,0.111111
-1.25,2.75,0.889061,0.00236407,0.00236407,0.00236407,0.136486,False,person,0,0.111111,0,0.111111,0,0.111111,0,0.111111,0,0.111111,0,0.111111,0,0.111111,0,0.111111,0,0.111111
-1.5,2.75,1.06323,0.00236407,0.00236407,0.00236407,0.136486,False,person,0,0.111111,0,0.111111,0,0.111111,0,0.111111,0,0.111111,0,0.111111,0,0.111111,0,0.111111,0,0.111111
-2,2.75,1.47834,0.00236407,0.00236407,0.00236407,0.136486,False,person,0,0.111111,0,0.111111,0,0.111111,0,0.111111,0,0.111111,0,0.111111,0,0.111111,0,0.111111,0,0.111111
-2.25,2.75,1.70309,0.00236407,0.00236407,0.00236407,0.136486,False,person,0,0.111111,0,0.111111,0,0.111111,0,0.111111,0,0.111111,0,0.111111,0,0.111111,0,0.111111,0,0.111111
2,2.5,2.85568,0.00236407,0.00236407,0.00236407,0.136486,False,person,0,0.111111,0,0.111111,0,0.111111,0,0.111111,0,0.111111,0,0.111111,0,0.111111,0,0.111111,0,0.111111
1.75,2.5,2.62105,0.00236407,0.00236407,0.00236407,0.136486,False,person,0,0.111111,0,0.111111,0,0.111111,0,0.111111,0,0.111111,0,0.111111,0,0.111111,0,0.111111,0,0.111111
1.5,2.5,2.38955,0.00236407,0.00236407,0.00236407,0.136486,False,person,0,0.111111,0,0.111111,0,0.111111,0,0.111111,0,0.111111,0,0.111111,0,0.111111,0,0.111111,0,0.111111
1.25,2.5,2.16217,0.00236407,0.00236407,0.00236407,0.136486,False,person,0,0.111111,0,0.111111,0,0.111111,0,0.111111,0,0.111111,0,0.111111,0,0.111111,0,0.111111,0,0.111111
1,2.5,1.94036,0.00236407,0.00236407,0.00236407,0.136486,False,person,0,0.111111,0,0.111111,0,0.111111,0,0.111111,0,0.111111,0,0.111111,0,0.111111,0,0.111111,0,0.111111
0.75,2.5,1.72627,0.00236407,0.00236407,0.00236407,0.136486,False,person,0,0.111111,0,0.111111,0,0.111111,0,0.111111,0,0.111111,0,0.111111,0,0.111111,0,0.111111,0,0.111111
0.5,2.5,1.52316,0.00236407,0.00236407,0.00236407,0.136486,False,person,0,0.111111,0,0.111111,0,0.111111,0,0.111111,0,0.111111,0,0.111111,0,0.111111,0,0.111111,0,0.111111
0.25,2.5,1.33606,0.00236407,0.00236407,0.00236407,0.136486,False,person,0,0.111111,0,0.111111,0,0.111111,0,0.111111,0,0.111111,0,0.111111,0,0.111111,0,0.111111,0,0.111111
0,2.5,1.17264,0.00236407,0.00236407,0.00236407,0.136486,False,person,0,0.111111,0,0.111111,0,0.111111,0,0.111111,0,0.111111,0,0.111111,0,0.111111,0,0.111111,0,0.111111
-0.25,2.5,1.04408,0.00236407,0.00236407,0.00236407,0.136486,False,person,0,0.111111,0,0.111111,0,0.111111,0,0.111111,0,0.111111,0,0.111111,0,0.111111,0,0.111111,0,0.111111
-0.5,2.5,0.964427,0.00236407,0.00236407,0.00236407,0.136486,False,person,0,0.111111,0,0.111111,0,0.111111,0,0.111111,0,0.111111,0,0.111111,0,0.111111,0,0.111111,0,0.111111
-0.75,2.5,0.94612,0.00236407,0.00236407,0.00236407,0.136486,False,person,0,0.111111,0,0.111111,0,0.111111,0,0.111111,0,0.111111,0,0.111111,0,0.111111,0,0.111111,0,0.111111
-1,2.5,0.992555,0.00236407,0.00236407,0.00236407,0.136486,False,person,0,0.111111,0,0.111111,0,0.111111,0,0.111111,0,0.111111,0,0.111111,0,0.111111,0,0.111111,0,0.111111
0.5,2.75,1.38213,0.00236407,0.00236407,0.00236407,0.136486,False,person,0,0.111111,0,0.111111,0,0.111111,0,0.111111,0,0.111111,0,0.111111,0,0.111111,0,0.111111,0,0.111111
1.5,2.75,2.30221,0.00236407,0.00236407,0.00236407,0.136486,False,person,0,0.111111,0,0.111111,0,0.111111,0,0.111111,0,0.111111,0,0.111111,0,0.111111,0,0.111111,0,0.111111
1.75,2.75,2.54168,0.00236407,0.00236407,0.00236407,0.136486,False,person,0,0.111111,0,0.111111,0,0.111111,0,0.111111,0,0.111111,0,0.111111,0,0.111111,0,0.111111,0,0.111111
0.75,3,1.51178,0.00236407,0.00236407,0.00236407,0.136486,False,person,0,0.111111,0,0.111111,0,0.111111,0,0.111111,0,0.111111,0,0.111111,0,0.111111,0,0.111111,0,0.111111
-1,3.25,0.361786,0.00236407,0.00236407,0.00236407,0.136486,False,person,0,0.111111,0,0.111111,0,0.111111,0,0.111111,0,0.111111,0,0.111111,0,0.111111,0,0.111111,0,0.111111
-1.25,3.25,0.588143,0.00236407,0.00236407,0.00236407,0.136486,False,person,0,0.111111,0,0.111111,0,0.111111,0,0.111111,0,0.111111,0,0.111111,0,0.111111,0,0.111111,0,0.111111
-1.5,3.25,0.828212,0.00236407,0.00236407,0.00236407,0.136486,False,person,0,0.111111,0,0.111111,0,0.111111,0,0.111111,0,0.111111,0,0.111111,0,0.111111,0,0.111111,0,0.111111
-2,3.25,1.31946,0.00236407,0.00236407,0.00236407,0.136486,False,person,0,0.111111,0,0.111111,0,0.111111,0,0.111111,0,0.111111,0,0.111111,0,0.111111,0,0.111111,0,0.111111
-2.25,3.25,1.56716,0.00236407,0.00236407,0.00236407,0.136486,False,person,0,0.111111,0,0.111111,0,0.111111,0,0.111111,0,0.111111,0,0.111111,0,0.111111,0,0.111111,0,0.111111
2,3,2.73137,0.00236407,0.00236407,0.00236407,0.0341216,True,empty floor,0,0.0277778,0,0.0277778,0,0.0277778,0,0.0277778,0,0.0277778,0,0.0277778,0,0.0277778,0,0.0277778,3,0.777778
1.75,3,2.48504,0.00236407,0.00236407,0.00236407,0.0341216,True,empty floor,0,0.0277778,0,0.0277778,0,0.0277778,0,0.0277778,0,0.0277778,0,0.0277778,0,0.0277778,0,0.0277778,3,0.777778
1.5,3,2.23951,0.00236407,0.00236407,0.00236407,0.0341216,True,empty floor,0,0.0277778,0,0.0277778,0,0.0277778,0,0.0277778,0,0.0277778,0,0.0277778,0,0.0277778,0,0.0277778,3,0.777778
1.25,3,1.99511,0.00236407,0.00236407,0.00236407,0.136486,False,person,0,0.111111,0,0.111111,0,0.111111,0,0.111111,0,0.111111,0,0.111111,0,0.111111,0,0.111111,0,0.111111
1,3,1.75227,0.00236407,0.00236407,0.00236407,0.136486,False,person,0,0.111111,0,0.111111,0,0.111111,0,0.111111,0,0.111111,0,0.111111,0,0.111111,0,0.111111,0,0.111111
0.5,3,1.27496,0.00236407,0.00236407,0.00236407,0.136486,False,person,0,0.111111,0,0.111111,0,0.111111,0,0.111111,0,0.111111,0,0.111111,0,0.111111,0,0.111111,0,0.111111
2,2.75,2.78301,0.00236407,0.00236407,0.00236407,0.136486,False,person,0,0.111111,0,0.111111,0,0.111111,0,0.111111,0,0.111111,0,0.111111,0,0.111111,0,0.111111,0,0.111111
0.25,3,1.04429,0.00236407,0.00236407,0.00236407,0.136486,False,person,0,0.111111,0,0.111111,0,0.111111,0,0.111111,0,0.111111,0,0.111111,0,0.111111,0,0.111111,0,0.111111
0,3,0.824959,0.00236407,0.00236407,0.00236407,0.136486,False,person,0,0.111111,0,0.111111,0,0.111111,0,0.111111,0,0.111111,0,0.111111,0,0.111111,0,0.111111,0,0.111111
-0.25,3,0.628952,0.00236407,0.00236407,0.00236407,0.136486,False,person,0,0.111111,0,0.111111,0,0.111111,0,0.111111,0,0.111111,0,0.111111,0,0.111111,0,0.111111,0,0.111111
-0.5,3,0.485389,0.00236407,0.00236407,0.00236407,0.136486,False,person,0,0.111111,0,0.111111,0,0.111111,0,0.111111,0,0.111111,0,0.111111,0,0.111111,0,0.111111,0,0.111111
-0.75,3,0.447912,0.00236407,0.00236407,0.00236407,0.136486,False,person,0,0.111111,0,0.111111,0,0.111111,0,0.111111,0,0.111111,0,0.111111,0,0.111111,0,0.111111,0,0.111111
-1,3,0.539118,0.00236407,0.00236407,0.00236407,0.136486,False,person,0,0.111111,0,0.111111,0,0.111111,0,0.111111,0,0.111111,0,0.111111,0,0.111111,0,0.111111,0,0.111111
-1.25,3,0.711105,0.00236407,0.00236407,0.00236407,0.136486,False,person,0,0.111111,0,0.111111,0,0.111111,0,0.111111,0,0.111111,0,0.111111,0,0.111111,0,0.111111,0,0.111111
-1.5,3,0.919616,0.00236407,0.00236407,0.00236407,0.136486,False,person,0,0.111111,0,0.111111,0,0.111111,0,0.111111,0,0.111111,0,0.111111,0,0.111111,0,0.111111,0,0.111111
-2,3,1.37867,0.00236407,0.00236407,0.00236407,0.136486,False,person,0,0.111111,0,0.111111,0,0.111111,0,0.111111,0,0.111111,0,0.111111,0,0.111111,0,0.111111,0,0.111111
-2.25,3,1.61733,0.00236407,0.00236407,0.00236407,0.136486,False,person,0,0.111111,0,0.111111,0,0.111111,0,0.111111,0,0.111111,0,0.111111,0,0.111111,0,0.111111,0,0.111111
-1.5,2.5,1.24105,0.00236407,0.00236407,0.00236407,0.136486,False,person,0,0.111111,0,0.111111,0,0.111111,0,0.111111,0,0.111111,0,0.111111,0,0.111111,0,0.111111,0,0.111111
-2,2.5,1.61098,0.00236407,0.00236407,0.00236407,0.136486,False,person,0,0.111111,0,0.111111,0,0.111111,0,0.111111,0,0.111111,0,0.111111,0,0.111111,0,0.111111,0,0.111111
-0.5,3.25,0.275398,0.00236407,0.00236407,0.00236407,0.136486,False,person,0,0.111111,0,0.111111,0,0.111111,0,0.111111,0,0.111111,0,0.111111,0,0.111111,0,0.111111,0,0.111111
-2.25,2.5,1.81942,0.00236407,0.00236407,0.00236407,0.136486,False,person,0,0.111111,0,0.111111,0,0.111111,0,0.111111,0,0.111111,0,0.111111,0,0.111111,0,0.111111,0,0.111111
-0.75,2,1.44557,0.00236407,0.00236407,0.00236407,0.136486,False,person,0,0.111111,0,0.111111,0,0.111111,0,0.111111,0,0.111111,0,0.111111,0,0.111111,0,0.111111,0,0.111111
-1,2,1.47637,0.00236407,0.00236407,0.00236407,0.136486,False,person,0,0.111111,0,0.111111,0,0.111111,0,0.111111,0,0.111111,0,0.111111,0,0.111111,0,0.111111,0,0.111111
-1.25,2,1.54748,0.00236407,0.00236407,0.00236407,0.136486,False,person,0,0.111111,0,0.111111,0,0.111111,0,0.111111,0,0.111111,0,0.111111,0,0.111111,0,0.111111,0,0.111111
-1.5,2,1.6537,0.00236407,0.00236407,0.00236407,0.136486,False,person,0,0.111111,0,0.111111,0,0.111111,0,0.111111,0,0.111111,0,0.111111,0,0.111111,0,0.111111,0,0.111111
-1.75,2,1.78878,0.00236407,0.00236407,0.00236407,0.136486,False,person,0,0.111111,0,0.111111,0,0.111111,0,0.111111,0,0.111111,0,0.111111,0,0.111111,0,0.111111,0,0.111111
-2,2,1.94673,0.00236407,0.00236407,0.00236407,0.136486,False,person,0,0.111111,0,0.111111,0,0.111111,0,0.111111,0,0.111111,0,0.111111,0,0.111111,0,0.111111,0,0.111111
-2.25,2,2.12245,0.00236407,0.00236407,0.00236407,0.136486,False,person,0,0.111111,0,0.111111,0,0.111111,0,0.111111,0,0.111111,0,0.111111,0,0.111111,0,0.111111,0,0.111111
2,1.75,3.18342,0.00236407,0.00236407,0.00236407,0.136486,False,person,0,0.111111,0,0.111111,0,0.111111,0,0.111111,0,0.111111,0,0.111111,0,0.111111,0,0.111111,0,0.111111
1.75,1.75,2.97476,0.00236407,0.00236407,0.00236407,0.136486,False,person,0,0.111111,0,0.111111,0,0.111111,0,0.111111,0,0.111111,0,0.111111,0,0.111111,0,0.111111,0,0.111111
1.5,1.75,2.77294,0.00236407,0.00236407,0.00236407,0.136486,False,person,0,0.111111,0,0.111111,0,0.111111,0,0.111111,0,0.111111,0,0.111111,0,0.111111,0,0.111111,0,0.111111
1.25,1.75,2.57958,0.00236407,0.00236407,0.00236407,0.136486,False,person,0,0.111111,0,0.111111,0,0.111111,0,0.111111,0,0.111111,0,0.111111,0,0.111111,0,0.111111,0,0.111111
1,1.75,2.39672,0.00236407,0.00236407,0.00236407,0.136486,False,person,0,0.111111,0,0.111111,0,0.111111,0,0.111111,0,0.111111,0,0.111111,0,0.111111,0,0.111111,0,0.111111
0.75,1.75,2.22694,0.00236407,0.00236407,0.00236407,0.136486,False,person,0,0.111111,0,0.111111,0,0.111111,0,0.111111,0,0.111111,0,0.111111,0,0.111111,0,0.111111,0,0.111111
0.5,1.75,2.07348,0.00236407,0.00236407,0.00236407,0.136486,False,person,0,0.111111,0,0.111111,0,0.111111,0,0.111111,0,0.111111,0,0.111111,0,0.111111,0,0.111111,0,0.111111
0.25,1.75,1.94019,0.00236407,0.00236407,0.00236407,0.136486,False,person,0,0.111111,0,0.111111,0,0.111111,0,0.111111,0,0.111111,0,0.111111,0,0.111111,0,0.111111,0,0.111111
0,1.75,1.83149,0.00236407,0.00236407,0.00236407,0.136486,False,person,0,0.111111,0,0.111111,0,0.111111,0,0.111111,0,0.111111,0,0.111111,0,0.111111,0,0.111111,0,0.111111
-0.25,1.75,1.75196,0.00236407,0.00236407,0.00236407,0.136486,False,person,0,0.111111,0,0.111111,0,0.111111,0,0.111111,0,0.111111,0,0.111111,0,0.111111,0,0.111111,0,0.111111
-0.5,1.75,1.70569,0.00236407,0.00236407,0.00236407,0.136486,False,person,0,0.111111,0,0.111111,0,0.111111,0,0.111111,0,0.111111,0,0.111111,0,0.111111,0,0.111111,0,0.111111
-0.75,1.75,1.69541,0.00236407,0.00236407,0.00236407,0.136486,False,person,0,0.111111,0,0.111111,0,0.111111,0,0.111111,0,0.111111,0,0.111111,0,0.111111,0,0.111111,0,0.111111
-1,1.75,1.72176,0.00236407,0.00236407,0.00236407,0.136486,False,person,0,0.111111,0,0.111111,0,0.111111,0,0.111111,0,0.111111,0,0.111111,0,0.111111,0,0.111111,0,0.111111
-1.25,1.75,1.7831,0.00236407,0.00236407,0.00236407,0.136486,False,person,0,0.111111,0,0.111111,0,0.111111,0,0.111111,0,0.111111,0,0.111111,0,0.111111,0,0.111111,0,0.111111
-1.5,1.75,1.87603,0.00236407,0.00236407,0.00236407,0.136486,False,person,0,0.111111,0,0.111111,0,0.111111,0,0.111111,0,0.111111,0,0.111111,0,0.111111,0,0.111111,0,0.111111
-1.75,1.75,1.99612,0.00236407,0.00236407,0.00236407,0.136486,False,person,0,0.111111,0,0.111111,0,0.111111,0,0.111111,0,0.111111,0,0.111111,0,0.111111,0,0.111111,0,0.111111
-0.5,2,1.45761,0.00236407,0.00236407,0.00236407,0.136486,False,person,0,0.111111,0,0.111111,0,0.111111,0,0.111111,0,0.111111,0,0.111111,0,0.111111,0,0.111111,0,0.111111
-0.25,2,1.51149,0.00236407,0.00236407,0.00236407,0.136486,False,person,0,0.111111,0,0.111111,0,0.111111,0,0.111111,0,0.111111,0,0.111111,0,0.111111,0,0.111111,0,0.111111
0.75,2,2.04317,0.00236407,0.00236407,0.00236407,0.136486,False,person,0,0.111111,0,0.111111,0,0.111111,0,0.111111,0,0.111111,0,0.111111,0,0.111111,0,0.111111,0,0.111111
-0.5,2.25,1.21032,0.00236407,0.00236407,0.00236407,0.136486,False,person,0,0.111111,0,0.111111,0,0.111111,0,0.111111,0,0.111111,0,0.111111,0,0.111111,0,0.111111,0,0.111111
2,2.25,2.94782,0.00236407,0.00236407,0.00236407,0.136486,False,person,0,0.111111,0,0.111111,0,0.111111,0,0.111111,0,0.111111,0,0.111111,0,0.111111,0,0.111111,0,0.111111
1.75,2.25,2.72115,0.00236407,0.00236407,0.00236407,0.136486,False,person,0,0.111111,0,0.111111,0,0.111111,0,0.111111,0,0.111111,0,0.111111,0,0.111111,0,0.111111,0,0.111111
1.5,2.25,2.49894,0.00236407,0.00236407,0.00236407,0.136486,False,person,0,0.111111,0,0.111111,0,0.111111,0,0.111111,0,0.111111,0,0.111111,0,0.111111,0,0.111111,0,0.111111
1.25,2.25,2.28248,0.00236407,0.00236407,0.00236407,0.136486,False,person,0,0.111111,0,0.111111,0,0.111111,0,0.111111,0,0.111111,0,0.111111,0,0.111111,0,0.111111,0,0.111111
1,2.25,2.07358,0.00236407,0.00236407,0.00236407,0.136486,False,person,0,0.111111,0,0.111111,0,0.111111,0,0.111111,0,0.111111,0,0.111111,0,0.111111,0,0.111111,0,0.111111
0.75,2.25,1.87477,0.00236407,0.00236407,0.00236407,0.136486,False,person,0,0.111111,0,0.111111,0,0.111111,0,0.111111,0,0.111111,0,0.111111,0,0.111111,0,0.111111,0,0.111111
0.5,2.25,1.68961,0.00236407,0.00236407,0.00236407,0.136486,False,person,0,0.111111,0,0.111111,0,0.111111,0,0.111111,0,0.111111,0,0.111111,0,0.111111,0,0.111111,0,0.111111
0.25,2.25,1.52309,0.00236407,0.00236407,0.00236407,0.136486,False,person,0,0.111111,0,0.111111,0,0.111111,0,0.111111,0,0.111111,0,0.111111,0,0.111111,0,0.111111,0,0.111111
0,2.25,1.38197,0.00236407,0.00236407,0.00236407,0.136486,False,person,0,0.111111,0,0.111111,0,0.111111,0,0.111111,0,0.111111,0,0.111111,0,0.111111,0,0.111111,0,0.111111
-0.25,2.25,1.2747,0.00236407,0.00236407,0.00236407,0.136486,False,person,0,0.111111,0,0.111111,0,0.111111,0,0.111111,0,0.111111,0,0.111111,0,0.111111,0,0.111111,0,0.111111
-0.75,2.25,1.19578,0.00236407,0.00236407,0.00236407,0.136486,False,person,0,0.111111,0,0.111111,0,0.111111,0,0.111111,0,0.111111,0,0.111111,0,0.111111,0,0.111111,0,0.111111
1,2,2.22699,0.00236407,0.00236407,0.00236407,0.136486,False,person,0,0.111111,0,0.111111,0,0.111111,0,0.111111,0,0.111111,0,0.111111,0,0.111111,0,0.111111,0,0.111111
-1,2.25,1.23285,0.00236407,0.00236407,0.00236407,0.136486,False,person,0,0.111111,0,0.111111,0,0.111111,0,0.111111,0,0.111111,0,0.111111,0,0.111111,0,0.111111,0,0.111111
-1.25,2.25,1.31717,0.00236407,0.00236407,0.00236407,0.136486,False,person,0,0.111111,0,0.111111,0,0.111111,0,0.111111,0,0.111111,0,0.111111,0,0.111111,0,0.111111,0,0.111111
-1.5,2.25,1.44048,0.00236407,0.00236407,0.00236407,0.136486,False,person,0,0.111111,0,0.111111,0,0.111111,0,0.111111,0,0.111111,0,0.111111,0,0.111111,0,0.111111,0,0.111111
-1.75,2.25,1.59374,0.00236407,0.00236407,0.00236407,0.136486,False,person,0,0.111111,0,0.111111,0,0.111111,0,0.111111,0,0.111111,0,0.111111,0,0.111111,0,0.111111,0,0.111111
-2,2.25,1.76918,0.00236407,0.00236407,0.00236407,0.136486,False,person,0,0.111111,0,0.111111,0,0.111111,0,0.111111,0,0.111111,0,0.111111,0,0.111111,0,0.111111,0,0.111111
-2.25,2.25,1.96088,0.00236407,0.00236407,0.00236407,0.136486,False,person,0,0.111111,0,0.111111,0,0.111111,0,0.111111,0,0.111111,0,0.111111,0,0.111111,0,0.111111,0,0.111111
2,2,3.05768,0.00236407,0.00236407,0.00236407,0.136486,False,person,0,0.111111,0,0.111111,0,0.111111,0,0.111111,0,0.111111,0,0.111111,0,0.111111,0,0.111111,0,0.111111
1.75,2,2.83979,0.00236407,0.00236407,0.00236407,0.136486,False,person,0,0.111111,0,0.111111,0,0.111111,0,0.111111,0,0.111111,0,0.111111,0,0.111111,0,0.111111,0,0.111111
1.5,2,2.62763,0.00236407,0.00236407,0.00236407,0.136486,False,person,0,0.111111,0,0.111111,0,0.111111,0,0.111111,0,0.111111,0,0.111111,0,0.111111,0,0.111111,0,0.111111
1.25,2,2.4227,0.00236407,0.00236407,0.00236407,0.136486,False,person,0,0.111111,0,0.111111,0,0.111111,0,0.111111,0,0.111111,0,0.111111,0,0.111111,0,0.111111,0,0.111111
-0.75,3.25,0.202155,0.00236407,0.00236407,0.00236407,0.136486,False,person,0,0.111111,0,0.111111,0,0.111111,0,0.111111,0,0.111111,0,0.111111,0,0.111111,0,0.111111,0,0.111111
-0.25,3.25,0.485615,0.00236407,0.00236407,0.00236407,0.136486,False,person,0,0.111111,0,0.111111,0,0.111111,0,0.111111,0,0.111111,0,0.111111,0,0.111111,0,0.111111,0,0.111111
0,4.75,1.47893,0.00236407,0.00236407,0.00236407,0.0341216,True,empty floor,0,0.0277778,0,0.0277778,0,0.0277778,0,0.0277778,0,0.0277778,0,0.0277778,0,0.0277778,0,0.0277778,3,0.777778
0,4,0.889676,0.00236407,0.00236407,0.00236407,0.0341216,True,empty floor,0,0.0277778,0,0.0277778,0,0.0277778,0,0.0277778,0,0.0277778,0,0.0277778,0,0.0277778,0,0.0277778,3,0.777778
1.5,4.25,2.33808,0.00236407,0.00236407,0.00236407,0.0341216,True,empty floor,0,0.0277778,0,0.0277778,0,0.0277778,0,0.0277778,0,0.0277778,0,0.0277778,0,0.0277778,0,0.0277778,3,0.777778
1.25,4.25,2.10515,0.00236407,0.00236407,0.00236407,0.0341216,True,empty floor,0,0.0277778,0,0.0277778,0,0.0277778,0,0.0277778,0,0.0277778,0,0.0277778,0,0.0277778,0,0.0277778,3,0.777778
1,4.25,1.87661,0.00236407,0.00236407,0.00236407,0.0341216,True,empty floor,0,0.0277778,0,0.0277778,0,0.0277778,0,0.0277778,0,0.0277778,0,0.0277778,0,0.0277778,0,0.0277778,3,0.777778
0.75,4.25,1.6543,0.00236407,0.00236407,0.00236407,0.0341216,True,empty floor,0,0.0277778,0,0.0277778,0,0.0277778,0,0.0277778,0,0.0277778,0,0.0277778,0,0.0277778,0,0.0277778,3,0.777778
0.5,4.25,1.44108,0.00236407,0.00236407,0.00236407,0.0341216,True,empty floor,0,0.0277778,0,0.0277778,0,0.0277778,0,0.0277778,0,0.0277778,0,0.0277778,0,0.0277778,0,0.0277778,3,0.777778
0.25,4.25,1.24167,0.00236407,0.00236407,0.00236407,0.0341216,True,empty floor,0,0.0277778,0,0.0277778,0,0.0277778,0,0.0277778,0,0.0277778,0,0.0277778,0,0.0277778,0,0.0277778,3,0.777778
0,4.25,1.06384,0.00236407,0.00236407,0.00236407,0.0341216,True,empty floor,0,0.0277778,0,0.0277778,0,0.0277778,0,0.0277778,0,0.0277778,0,0.0277778,0,0.0277778,0,0.0277778,3,0.777778
-0.25,4.25,0.920211,0.00236407,0.00236407,0.00236407,0.0341216,True,empty floor,0,0.0277778,0,0.0277778,0,0.0277778,0,0.0277778,0,0.0277778,0,0.0277778,0,0.0277778,0,0.0277778,3,0.777778
-0.5,4.25,0.82874,0.00236407,0.00236407,0.00236407,0.0341216,True,empty floor,0,0.0277778,0,0.0277778,0,0.0277778,0,0.0277778,0,0.0277778,0,0.0277778,0,0.0277778,0,0.0277778,3,0.777778
-0.75,4.25,0.807362,0.00236407,0.00236407,0.00236407,0.0341216,True,empty floor,0,0.0277778,0,0.0277778,0,0.0277778,0,0.0277778,0,0.0277778,0,0.0277778,0,0.0277778,0,0.0277778,3,0.777778
-1,4.25,0.86131,0.00236407,0.00236407,0.00236407,0.0341216,True,empty floor,0,0.0277778,0,0.0277778,0,0.0277778,0,0.0277778,0,0.0277778,0,0.0277778,0,0.0277778,0,0.0277778,3,0.777778
-1.25,4.25,0.978201,0.00236407,0.00236407,0.00236407,0.0341216,True,empty floor,0,0.0277778,0,0.0277778,0,0.0277778,0,0.0277778,0,0.0277778,0,0.0277778,0,0.0277778,0,0.0277778,3,0.777778
-1.5,4.25,1.13882,0.00236407,0.00236407,0.00236407,0.136486,False,person,0,0.111111,0,0.111111,0,0.111111,0,0.111111,0,0.111111,0,0.111111,0,0.111111,0,0.111111,0,0.111111
-1.75,4.25,1.32737,0.00236407,0.00236407,0.00236407,0.136486,False,person,0,0.111111,0,0.111111,0,0.111111,0,0.111111,0,0.111111,0,0.111111,0,0.111111,0,0.111111,0,0.111111
-2,4.25,1.53361,0.00236407,0.00236407,0.00236407,0.136486,False,person,0,0.111111,0,0.111111,0,0.111111,0,0.111111,0,0.111111,0,0.111111,0,0.111111,0,0.111111,0,0.111111
-2.25,4.25,1.75128,0.00236407,0.00236407,0.00236407,0.136486,False,person,0,0.111111,0,0.111111,0,0.111111,0,0.111111,0,0.111111,0,0.111111,0,0.111111,0,0.111111,0,0.111111
2,4,2.75161,0.00236407,0.00236407,0.00236407,0.0341216,True,empty floor,0,0.0277778,0,0.0277778,0,0.0277778,0,0.0277778,0,0.0277778,0,0.0277778,0,0.0277778,0,0.0277778,3,0.777778
1.75,4,2.50726,0.00236407,0.00236407,0.00236407,0.164643,True,refrigerator,0,0.0555556,0,0.0555556,0,0.0555556,0,0.0555556,0,0.0555556,0,0.0555556,1,0.555556,0,0.0555556,0,0.0555556
1.5,4,2.26415,0.00236407,0.00236407,0.00236407,0.0341216,True,empty floor,0,0.0277778,0,0.0277778,0,0.0277778,0,0.0277778,0,0.0277778,0,0.0277778,0,0.0277778,0,0.0277778,3,0.777778
1.25,4,2.02272,0.00236407,0.00236407,0.00236407,0.0341216,True,empty floor,0,0.0277778,0,0.0277778,0,0.0277778,0,0.0277778,0,0.0277778,0,0.0277778,0,0.0277778,0,0.0277778,3,0.777778
1,4,1.78366,0.00236407,0.00236407,0.00236407,0.0341216,True,empty floor,0,0.0277778,0,0.0277778,0,0.0277778,0,0.0277778,0,0.0277778,0,0.0277778,0,0.0277778,0,0.0277778,3,0.777778
0.75,4,1.54805,0.00236407,0.00236407,0.00236407,0.0341216,True,empty floor,0,0.0277778,0,0.0277778,0,0.0277778,0,0.0277778,0,0.0277778,0,0.0277778,0,0.0277778,0,0.0277778,3,0.777778
0.5,4,1.31776,0.00236407,0.00236407,0.00236407,0.0341216,True,empty floor,0,0.0277778,0,0.0277778,0,0.0277778,0,0.0277778,0,0.0277778,0,0.0277778,0,0.0277778,0,0.0277778,3,0.777778
2,4.25,2.81275,0.00236407,0.00236407,0.00236407,0.0341216,True,empty floor,0,0.0277778,0,0.0277778,0,0.0277778,0,0.0277778,0,0.0277778,0,0.0277778,0,0.0277778,0,0.0277778,3,0.777778
-2.25,4.5,1.87942,0.00236407,0.00236407,0.00236407,0.136486,False,person,0,0.111111,0,0.111111,0,0.111111,0,0.111111,0,0.111111,0,0.111111,0,0.111111,0,0.111111,0,0.111111
-2,4.5,1.67845,0.00236407,0.00236407,0.00236407,0.136486,False,person,0,0.111111,0,0.111111,0,0.111111,0,0.111111,0,0.111111,0,0.111111,0,0.111111,0,0.111111,0,0.111111
1.5,4.5,2.43554,0.00236407,0.00236407,0.00236407,0.0341216,True,empty floor,0,0.0277778,0,0.0277778,0,0.0277778,0,0.0277778,0,0.0277778,0,0.0277778,0,0.0277778,0,0.0277778,3,0.777778
-0.25,4.75,1.37923,0.00236407,0.00236407,0.00236407,0.0341216,True,empty floor,0,0.0277778,0,0.0277778,0,0.0277778,0,0.0277778,0,0.0277778,0,0.0277778,0,0.0277778,0,0.0277778,3,0.777778
-0.5,4.75,1.31996,0.00236407,0.00236407,0.00236407,0.0341216,True,empty floor,0,0.0277778,0,0.0277778,0,0.0277778,0,0.0277778,0,0.0277778,0,0.0277778,0,0.0277778,0,0.0277778,3,0.777778
-0.75,4.75,1.30664,0.00236407,0.00236407,0.00236407,0.0341216,True,empty floor,0,0.0277778,0,0.0277778,0,0.0277778,0,0.0277778,0,0.0277778,0,0.0277778,0,0.0277778,0,0.0277778,3,0.777778
-1,4.75,1.34065,0.00236407,0.00236407,0.00236407,0.0341216,True,empty floor,0,0.0277778,0,0.0277778,0,0.0277778,0,0.0277778,0,0.0277778,0,0.0277778,0,0.0277778,0,0.0277778,3,0.777778
-1.25,4.75,1.41858,0.00236407,0.00236407,0.00236407,0.0341216,True,empty floor,0,0.0277778,0,0.0277778,0,0.0277778,0,0.0277778,0,0.0277778,0,0.0277778,0,0.0277778,0,0.0277778,3,0.777778
-1.5,4.75,1.53375,0.00236407,0.00236407,0.00236407,0.0341216,True,empty floor,0,0.0277778,0,0.0277778,0,0.0277778,0,0.0277778,0,0.0277778,0,0.0277778,0,0.0277778,0,0.0277778,3,0.777778
-1.75,4.75,1.67851,0.00236407,0.00236407,0.00236407,0.136486,False,person,0,0.111111,0,0.111111,0,0.111111,0,0.111111,0,0.111111,0,0.111111,0,0.111111,0,0.111111,0,0.111111
-2,4.75,1.84592,0.00236407,0.00236407,0.00236407,0.136486,False,person,0,0.111111,0,0.111111,0,0.111111,0,0.111111,0,0.111111,0,0.111111,0,0.111111,0,0.111111,0,0.111111
-2.25,4.75,2.03038,0.00236407,0.00236407,0.00236407,0.136486,False,person,0,0.111111,0,0.111111,0,0.111111,0,0.111111,0,0.111111,0,0.111111,0,0.111111,0,0.111111,0,0.111111
2,4.5,2.89427,0.00236407,0.00236407,0.00236407,0.0341216,True,empty floor,0,0.0277778,0,0.0277778,0,0.0277778,0,0.0277778,0,0.0277778,0,0.0277778,0,0.0277778,0,0.0277778,3,0.777778
1.25,4.5,2.21289,0.00236407,0.00236407,0.00236407,0.0341216,True,empty floor,0,0.0277778,0,0.0277778,0,0.0277778,0,0.0277778,0,0.0277778,0,0.0277778,0,0.0277778,0,0.0277778,3,0.777778
-1.75,4.5,1.49237,0.00236407,0.00236407,0.00236407,0.136486,False,person,0,0.111111,0,0.111111,0,0.111111,0,0.111111,0,0.111111,0,0.111111,0,0.111111,0,0.111111,0,0.111111
1,4.5,1.99673,0.00236407,0.00236407,0.00236407,0.0341216,True,empty floor,0,0.0277778,0,0.0277778,0,0.0277778,0,0.0277778,0,0.0277778,0,0.0277778,0,0.0277778,0,0.0277778,3,0.777778
0.5,4.5,1.59435,0.00236407,0.00236407,0.00236407,0.0341216,True,empty floor,0,0.0277778,0,0.0277778,0,0.0277778,0,0.0277778,0,0.0277778,0,0.0277778,0,0.0277778,0,0.0277778,3,0.777778
0.25,4.5,1.41668,0.00236407,0.00236407,0.00236407,0.0341216,True,empty floor,0,0.0277778,0,0.0277778,0,0.0277778,0,0.0277778,0,0.0277778,0,0.0277778,0,0.0277778,0,0.0277778,3,0.777778
0,4.5,1.26373,0.00236407,0.00236407,0.00236407,0.0341216,True,empty floor,0,0.0277778,0,0.0277778,0,0.0277778,0,0.0277778,0,0.0277778,0,0.0277778,0,0.0277778,0,0.0277778,3,0.777778
-0.25,4.5,1.14544,0.00236407,0.00236407,0.00236407,0.0341216,True,empty floor,0,0.0277778,0,0.0277778,0,0.0277778,0,0.0277778,0,0.0277778,0,0.0277778,0,0.0277778,0,0.0277778,3,0.777778
-0.5,4.5,1.07334,0.00236407,0.00236407,0.00236407,0.0341216,True,empty floor,0,0.0277778,0,0.0277778,0,0.0277778,0,0.0277778,0,0.0277778,0,0.0277778,0,0.0277778,0,0.0277778,3,0.777778
-0.75,4.5,1.05692,0.00236407,0.00236407,0.00236407,0.0341216,True,empty floor,0,0.0277778,0,0.0277778,0,0.0277778,0,0.0277778,0,0.0277778,0,0.0277778,0,0.0277778,0,0.0277778,3,0.777778
-1,4.5,1.09868,0.00236407,0.00236407,0.00236407,0.0341216,True,empty floor,0,0.0277778,0,0.0277778,0,0.0277778,0,0.0277778,0,0.0277778,0,0.0277778,0,0.0277778,0,0.0277778,3,0.777778
-1.25,4.5,1.19253,0.00236407,0.00236407,0.00236407,0.0341216,True,empty floor,0,0.0277778,0,0.0277778,0,0.0277778,0,0.0277778,0,0.0277778,0,0.0277778,0,0.0277778,0,0.0277778,3,0.777778
-1.5,4.5,1.32746,0.00236407,0.00236407,0.00236407,0.136486,False,person,0,0.111111,0,0.111111,0,0.111111,0,0.111111,0,0.111111,0,0.111111,0,0.111111,0,0.111111,0,0.111111
0.25,4,1.09613,0.00236407,0.00236407,0.00236407,0.0341216,True,empty floor,0,0.0277778,0,0.0277778,0,0.0277778,0,0.0277778,0,0.0277778,0,0.0277778,0,0.0277778,0,0.0277778,3,0.777778
-0.25,4,0.711721,0.00236407,0.00236407,0.00236407,0.0341216,True,empty floor,0,0.0277778,0,0.0277778,0,0.0277778,0,0.0277778,0,0.0277778,0,0.0277778,0,0.0277778,0,0.0277778,3,0.777778
0,3.25,0.721664,0.00236407,0.00236407,0.00236407,0.136486,False,person,0,0.111111,0,0.111111,0,0.111111,0,0.111111,0,0.111111,0,0.111111,0,0.111111,0,0.111111,0,0.111111
-0.5,4,0.588701,0.00236407,0.00236407,0.00236407,0.0341216,True,empty floor,0,0.0277778,0,0.0277778,0,0.0277778,0,0.0277778,0,0.0277778,0,0.0277778,0,0.0277778,0,0.0277778,3,0.777778
1.25,3.5,1.94575,0.00236407,0.00236407,0.00236407,0.0341216,True,empty floor,0,0.0277778,0,0.0277778,0,0.0277778,0,0.0277778,0,0.0277778,0,0.0277778,0,0.0277778,0,0.0277778,3,0.777778
1,3.5,1.69586,0.00236407,0.00236407,0.00236407,0.0341216,True,empty floor,0,0.0277778,0,0.0277778,0,0.0277778,0,0.0277778,0,0.0277778,0,0.0277778,0,0.0277778,0,0.0277778,3,0.777778
0.75,3.5,1.44602,0.00236407,0.00236407,0.00236407,0.0341216,True,empty floor,0,0.0277778,0,0.0277778,0,0.0277778,0,0.0277778,0,0.0277778,0,0.0277778,0,0.0277778,0,0.0277778,3,0.777778
0.5,3.5,1.19624,0.00236407,0.00236407,0.00236407,0.0341216,True,empty floor,0,0.0277778,0,0.0277778,0,0.0277778,0,0.0277778,0,0.0277778,0,0.0277778,0,0.0277778,0,0.0277778,3,0.777778
0.25,3.5,0.946582,0.00236407,0.00236407,0.00236407,0.0341216,True,empty floor,0,0.0277778,0,0.0277778,0,0.0277778,0,0.0277778,0,0.0277778,0,0.0277778,0,0.0277778,0,0.0277778,3,0.777778
0,3.5,0.697166,0.00236407,0.00236407,0.00236407,0.0341216,True,empty floor,0,0.0277778,0,0.0277778,0,0.0277778,0,0.0277778,0,0.0277778,0,0.0277778,0,0.0277778,0,0.0277778,3,0.777778
-0.25,3.5,0.448401,0.00236407,0.00236407,0.00236407,0.0341216,True,empty floor,0,0.0277778,0,0.0277778,0,0.0277778,0,0.0277778,0,0.0277778,0,0.0277778,0,0.0277778,0,0.0277778,3,0.777778
-0.5,3.5,0.202696,0.00236407,0.00236407,0.00236407,0.136486,False,person,0,0.111111,0,0.111111,0,0.111111,0,0.111111,0,0.111111,0,0.111111,0,0.111111,0,0.111111,0,0.111111
-0.75,3.5,0.0781559,0.00236407,0.00236407,0.00236407,0.136486,False,person,0,0.111111,0,0.111111,0,0.111111,0,0.111111,0,0.111111,0,0.111111,0,0.111111,0,0.111111,0,0.111111
-1,3.5,0.31005,0.00236407,0.00236407,0.00236407,0.136486,False,person,0,0.111111,0,0.111111,0,0.111111,0,0.111111,0,0.111111,0,0.111111,0,0.111111,0,0.111111,0,0.111111
-1.25,3.5,0.557811,0.00236407,0.00236407,0.00236407,0.136486,False,person,0,0.111111,0,0.111111,0,0.111111,0,0.111111,0,0.111111,0,0.111111,0,0.111111,0,0.111111,0,0.111111
-1.5,3.5,0.806955,0.00236407,0.00236407,0.00236407,0.136486,False,person,0,0.111111,0,0.111111,0,0.111111,0,0.111111,0,0.111111,0,0.111111,0,0.111111,0,0.111111,0,0.111111
-1.75,3.5,1.0565,0.00236407,0.00236407,0.00236407,0.136486,False,person,0,0.111111,0,0.111111,0,0.111111,0,0.111111,0,0.111111,0,0.111111,0,0.111111,0,0.111111,0,0.111111
-2,3.5,1.30622,0.00236407,0.00236407,0.00236407,0.136486,False,person,0,0.111111,0,0.111111,0,0.111111,0,0.111111,0,0.111111,0,0.111111,0,0.111111,0,0.111111,0,0.111111
-2.25,3.5,1.55603,0.00236407,0.00236407,0.00236407,0.136486,False,person,0,0.111111,0,0.111111,0,0.111111,0,0.111111,0,0.111111,0,0.111111,0,0.111111,0,0.111111,0,0.111111
2,3.25,2.70197,0.00236407,0.00236407,0.00236407,0.0341216,True,empty floor,0,0.0277778,0,0.0277778,0,0.0277778,0,0.0277778,0,0.0277778,0,0.0277778,0,0.0277778,0,0.0277778,3,0.777778
1.75,3.25,2.45268,0.00236407,0.00236407,0.00236407,0.0341216,True,empty floor,0,0.0277778,0,0.0277778,0,0.0277778,0,0.0277778,0,0.0277778,0,0.0277778,0,0.0277778,0,0.0277778,3,0.777778
1.5,3.25,2.20356,0.00236407,0.00236407,0.00236407,0.0341216,True,empty floor,0,0.0277778,0,0.0277778,0,0.0277778,0,0.0277778,0,0.0277778,0,0.0277778,0,0.0277778,0,0.0277778,3,0.777778
1.25,3.25,1.95466,0.00236407,0.00236407,0.00236407,0.0341216,True,empty floor,0,0.0277778,0,0.0277778,0,0.0277778,0,0.0277778,0,0.0277778,0,0.0277778,0,0.0277778,0,0.0277778,3,0.777778
1,3.25,1.70608,0.00236407,0.00236407,0.00236407,0.0341216,True,empty floor,0,0.0277778,0,0.0277778,0,0.0277778,0,0.0277778,0,0.0277778,0,0.0277778,0,0.0277778,0,0.0277778,3,0.777778
0.75,3.25,1.45799,0.00236407,0.00236407,0.00236407,0.0341216,True,empty floor,0,0.0277778,0,0.0277778,0,0.0277778,0,0.0277778,0,0.0277778,0,0.0277778,0,0.0277778,0,0.0277778,3,0.777778
0.5,3.25,1.21068,0.00236407,0.00236407,0.00236407,0.0341216,True,empty floor,0,0.0277778,0,0.0277778,0,0.0277778,0,0.0277778,0,0.0277778,0,0.0277778,0,0.0277778,0,0.0277778,3,0.777778
0.25,3.25,0.964768,0.00236407,0.00236407,0.00236407,0.0341216,True,empty floor,0,0.0277778,0,0.0277778,0,0.0277778,0,0.0277778,0,0.0277778,0,0.0277778,0,0.0277778,0,0.0277778,3,0.777778
1.5,3.5,2.19566,0.00236407,0.00236407,0.00236407,0.0341216,True,empty floor,0,0.0277778,0,0.0277778,0,0.0277778,0,0.0277778,0,0.0277778,0,0.0277778,0,0.0277778,0,0.0277778,3,0.777778
1.75,3.5,2.44558,0.00236407,0.00236407,0.00236407,0.0341216,True,empty floor,0,0.0277778,0,0.0277778,0,0.0277778,0,0.0277778,0,0.0277778,0,0.0277778,0,0.0277778,0,0.0277778,3,0.777778
-2.25,3.75,1.58477,0.00236407,0.00236407,0.00236407,0.136486,False,person,0,0.111111,0,0.111111,0,0.111111,0,0.111111,0,0.111111,0,0.111111,0,0.111111,0,0.111111,0,0.111111
1,3.75,1.72226,0.00236407,0.00236407,0.00236407,0.0341216,True,empty floor,0,0.0277778,0,0.0277778,0,0.0277778,0,0.0277778,0,0.0277778,0,0.0277778,0,0.0277778,0,0.0277778,3,0.777778
-0.75,4,0.558204,0.00236407,0.00236407,0.00236407,0.0341216,True,empty floor,0,0.0277778,0,0.0277778,0,0.0277778,0,0.0277778,0,0.0277778,0,0.0277778,0,0.0277778,0,0.0277778,3,0.777778
-1,4,0.63373,0.00236407,0.00236407,0.00236407,0.0341216,True,empty floor,0,0.0277778,0,0.0277778,0,0.0277778,0,0.0277778,0,0.0277778,0,0.0277778,0,0.0277778,0,0.0277778,3,0.777778
-1.25,4,0.785262,0.00236407,0.00236407,0.00236407,0.136486,False,person,0,0.111111,0,0.111111,0,0.111111,0,0.111111,0,0.111111,0,0.111111,0,0.111111,0,0.111111,0,0.111111
-1.5,4,0.97809,0.00236407,0.00236407,0.00236407,0.136486,False,person,0,0.111111,0,0.111111,0,0.111111,0,0.111111,0,0.111111,0,0.111111,0,0.111111,0,0.111111,0,0.111111
-1.75,4,1.19234,0.00236407,0.00236407,0.00236407,0.136486,False,person,0,0.111111,0,0.111111,0,0.111111,0,0.111111,0,0.111111,0,0.111111,0,0.111111,0,0.111111,0,0.111111
-2,4,1.41835,0.00236407,0.00236407,0.00236407,0.136486,False,person,0,0.111111,0,0.111111,0,0.111111,0,0.111111,0,0.111111,0,0.111111,0,0.111111,0,0.111111,0,0.111111
-2.25,4,1.65128,0.00236407,0.00236407,0.00236407,0.136486,False,person,0,0.111111,0,0.111111,0,0.111111,0,0.111111,0,0.111111,0,0.111111,0,0.111111,0,0.111111,0,0.111111
1.75,3.75,2.46397,0.00236407,0.00236407,0.00236407,0.0341216,True,empty floor,0,0.0277778,0,0.0277778,0,0.0277778,0,0.0277778,0,0.0277778,0,0.0277778,0,0.0277778,0,0.0277778,3,0.777778
1.5,3.75,2.21611,0.00236407,0.00236407,0.00236407,0.0341216,True,empty floor,0,0.0277778,0,0.0277778,0,0.0277778,0,0.0277778,0,0.0277778,0,0.0277778,0,0.0277778,0,0.0277778,3,0.777778
1.25,3.75,1.9688,0.00236407,0.00236407,0.00236407,0.0341216,True,empty floor,0,0.0277778,0,0.0277778,0,0.0277778,0,0.0277778,0,0.0277778,0,0.0277778,0,0.0277778,0,0.0277778,3,0.777778
0.75,3.75,1.47689,0.00236407,0.00236407,0.00236407,0.0341216,True,empty floor,0,0.0277778,0,0.0277778,0,0.0277778,0,0.0277778,0,0.0277778,0,0.0277778,0,0.0277778,0,0.0277778,3,0.777778
-2,3.75,1.34032,0.00236407,0.00236407,0.00236407,0.136486,False,person,0,0.111111,0,0.111111,0,0.111111,0,0.111111,0,0.111111,0,0.111111,0,0.111111,0,0.111111,0,0.111111
0.5,3.75,1.23338,0.00236407,0.00236407,0.00236407,0.0341216,True,empty floor,0,0.0277778,0,0.0277778,0,0.0277778,0,0.0277778,0,0.0277778,0,0.0277778,0,0.0277778,0,0.0277778,3,0.777778
0.25,3.75,0.993106,0.00236407,0.00236407,0.00236407,0.0341216,True,empty floor,0,0.0277778,0,0.0277778,0,0.0277778,0,0.0277778,0,0.0277778,0,0.0277778,0,0.0277778,0,0.0277778,3,0.777778
0,3.75,0.759132,0.00236407,0.00236407,0.00236407,0.0341216,True,empty floor,0,0.0277778,0,0.0277778,0,0.0277778,0,0.0277778,0,0.0277778,0,0.0277778,0,0.0277778,0,0.0277778,3,0.777778
-0.25,3.75,0.539726,0.00236407,0.00236407,0.00236407,0.0341216,True,empty floor,0,0.0277778,0,0.0277778,0,0.0277778,0,0.0277778,0,0.0277778,0,0.0277778,0,0.0277778,0,0.0277778,3,0.777778
-0.5,3.75,0.362391,0.00236407,0.00236407,0.00236407,0.136486,False,person,0,0.111111,0,0.111111,0,0.111111,0,0.111111,0,0.111111,0,0.111111,0,0.111111,0,0.111111,0,0.111111
-0.75,3.75,0.310403,0.00236407,0.00236407,0.00236407,0.0341216,True,empty floor,0,0.0277778,0,0.0277778,0,0.0277778,0,0.0277778,0,0.0277778,0,0.0277778,0,0.0277778,0,0.0277778,3,0.777778
-1,3.75,0.431709,0.00236407,0.00236407,0.00236407,0.136486,False,person,0,0.111111,0,0.111111,0,0.111111,0,0.111111,0,0.111111,0,0.111111,0,0.111111,0,0.111111,0,0.111111
-1.25,3.75,0.633557,0.00236407,0.00236407,0.00236407,0.136486,False,person,0,0.111111,0,0.111111,0,0.111111,0,0.111111,0,0.111111,0,0.111111,0,0.111111,0,0.111111,0,0.111111
-1.5,3.75,0.861056,0.00236407,0.00236407,0.00236407,0.136486,False,person,0,0.111111,0,0.111111,0,0.111111,0,0.111111,0,0.111111,0,0.111111,0,0.111111,0,0.111111,0,0.111111
-1.75,3.75,1.09838,0.00236407,0.00236407,0.00236407,0.136486,False,person,0,0.111111,0,0.111111,0,0.111111,0,0.111111,0,0.111111,0,0.111111,0,0.111111,0,0.111111,0,0.111111
2,7.75,5.07937,0.00236407,0.00236407,0.00236407,0.0341216,True,empty floor,0,0.0277778,0,0.0277778,0,0.0277778,0,0.0277778,0,0.0277778,0,0.0277778,0,0.0277778,0,0.0277778,3,0.777778
