x,y,dist_robot,snd_loglik,snd_post,vis_post,fused,vis_like,observed,mle_class,vis_phrase_source,ev_tv,post_tv,sim_tv,ev_chair,post_chair,sim_chair,ev_couch,post_couch,sim_couch,ev_toilet,post_toilet,sim_toilet,ev_microwave,post_microwave,sim_microwave,ev_oven,post_oven,sim_oven,ev_sink,post_sink,sim_sink,ev_refrigerator,post_refrigerator,sim_refrigerator,ev_clock,post_clock,sim_clock,ev_empty_floor,post_empty_floor,sim_empty_floor
-2.25,1.75,5.04311,-2.99573,0.00236407,0.00236407,0.00236407,0.117528,True,empty floor,sound_similarity,0,0.0666667,0.240691,0,0.0666667,0.118506,0,0.0666667,0.271224,0,0.0666667,0.145343,0,0.0666667,0.1565,0,0.0666667,0.265081,0,0.0666667,0.144166,0,0.0666667,0.233515,0,0.0666667,0.187891,0.5,0.4,0
1.5,5.5,1.37414,-2.99573,0.00236407,0.00236407,0.00236407,0.117528,True,empty floor,sound_similarity,0,0.0666667,0.240691,0,0.0666667,0.118506,0,0.0666667,0.271224,0,0.0666667,0.145343,0,0.0666667,0.1565,0,0.0666667,0.265081,0,0.0666667,0.144166,0,0.0666667,0.233515,0,0.0666667,0.187891,0.5,0.4,0
-1.5,6,1.77607,-2.99573,0.00236407,0.00236407,0.00236407,0.117528,True,empty floor,sound_similarity,0,0.0666667,0.240691,0,0.0666667,0.118506,0,0.0666667,0.271224,0,0.0666667,0.145343,0,0.0666667,0.1565,0,0.0666667,0.265081,0,0.0666667,0.144166,0,0.0666667,0.233515,0,0.0666667,0.187891,0.5,0.4,0
-1.75,6,2.02559,-2.99573,0.00236407,0.00236407,0.00236407,0.117528,True,empty floor,sound_similarity,0,0.0666667,0.240691,0,0.0666667,0.118506,0,0.0666667,0.271224,0,0.0666667,0.145343,0,0.0666667,0.1565,0,0.0666667,0.265081,0,0.0666667,0.144166,0,0.0666667,0.233515,0,0.0666667,0.187891,0.5,0.4,0
-2,6,2.27522,-2.99573,0.00236407,0.00236407,0.00236407,0.117528,True,empty floor,sound_similarity,0,0.0666667,0.240691,0,0.0666667,0.118506,0,0.0666667,0.271224,0,0.0666667,0.145343,0,0.0666667,0.1565,0,0.0666667,0.265081,0,0.0666667,0.144166,0,0.0666667,0.233515,0,0.0666667,0.187891,0.5,0.4,0
-2.25,6,2.52492,-2.99573,0.00236407,0.00236407,0.00236407,0.208492,True,tv,sound_similarity,1,0.55,0.240691,0,0.05,0.118506,0,0.05,0.271224,0,0.05,0.145343,0,0.05,0.1565,0,0.05,0.265081,0,0.05,0.144166,0,0.05,0.233515,0,0.05,0.187891,0,0.05,0
2,5.75,1.76636,-2.99573,0.00236407,0.00236407,0.00236407,0.117528,True,empty floor,sound_similarity,0,0.0666667,0.240691,0,0.0666667,0.118506,0,0.0666667,0.271224,0,0.0666667,0.145343,0,0.0666667,0.1565,0,0.0666667,0.265081,0,0.0666667,0.144166,0,0.0666667,0.233515,0,0.0666667,0.187891,0.5,0.4,0
1.75,5.75,1.5227,-2.99573,0.00236407,0.00236407,0.00236407,0.0881459,True,empty floor,sound_similarity,0,0.05,0.240691,0,0.05,0.118506,0,0.05,0.271224,0,0.05,0.145343,0,0.05,0.1565,0,0.05,0.265081,0,0.05,0.144166,0,0.05,0.233515,0,0.05,0.187891,1,0.55,0
1.5,5.75,1.28149,-2.99573,0.00236407,0.00236407,0.00236407,0.0881459,True,empty floor,sound_similarity,0,0.05,0.240691,0,0.05,0.118506,0,0.05,0.271224,0,0.05,0.145343,0,0.05,0.1565,0,0.05,0.265081,0,0.05,0.144166,0,0.05,0.233515,0,0.05,0.187891,1,0.55,0
1.25,5.75,1.04443,-2.99573,0.00236407,0.00236407,0.00236407,0.117528,True,empty floor,sound_similarity,0,0.0666667,0.240691,0,0.0666667,0.118506,0,0.0666667,0.271224,0,0.0666667,0.145343,0,0.0666667,0.1565,0,0.0666667,0.265081,0,0.0666667,0.144166,0,0.0666667,0.233515,0,0.0666667,0.187891,0.5,0.4,0
1,5.75,0.815126,-2.99573,0.00236407,0.00236407,0.00236407,0.117528,True,empty floor,sound_similarity,0,0.0666667,0.240691,0,0.0666667,0.118506,0,0.0666667,0.271224,0,0.0666667,0.145343,0,0.0666667,0.1565,0,0.0666667,0.265081,0,0.0666667,0.144166,0,0.0666667,0.233515,0,0.0666667,0.187891,0.5,0.4,0
0.75,5.75,0.602524,-2.99573,0.00236407,0.00236407,0.00236407,0.117528,True,empty floor,sound_similarity,0,0.0666667,0.240691,0,0.0666667,0.118506,0,0.0666667,0.271224,0,0.0666667,0.145343,0,0.0666667,0.1565,0,0.0666667,0.265081,0,0.0666667,0.144166,0,0.0666667,0.233515,0,0.0666667,0.187891,0.5,0.4,0
0.5,5.75,0.432017,-2.99573,0.00236407,0.00236407,0.00236407,0.117528,True,empty floor,sound_similarity,0,0.0666667,0.240691,0,0.0666667,0.118506,0,0.0666667,0.271224,0,0.0666667,0.145343,0,0.0666667,0.1565,0,0.0666667,0.265081,0,0.0666667,0.144166,0,0.0666667,0.233515,0,0.0666667,0.187891,0.5,0.4,0
0.25,5.75,0.367753,-2.99573,0.00236407,0.00236407,0.00236407,0.117528,True,empty floor,sound_similarity,0,0.0666667,0.240691,0,0.0666667,0.118506,0,0.0666667,0.271224,0,0.0666667,0.145343,0,0.0666667,0.1565,0,0.0666667,0.265081,0,0.0666667,0.144166,0,0.0666667,0.233515,0,0.0666667,0.187891,0.5,0.4,0
0,5.75,0.456997,-2.99573,0.00236407,0.00236407,0.00236407,0.117528,True,empty floor,sound_similarity,0,0.0666667,0.240691,0,0.0666667,0.118506,0,0.0666667,0.271224,0,0.0666667,0.145343,0,0.0666667,0.1565,0,0.0666667,0.265081,0,0.0666667,0.144166,0,0.0666667,0.233515,0,0.0666667,0.187891,0.5,0.4,0
-0.25,5.75,0.638318,-2.99573,0.00236407,0.00236407,0.00236407,0.117528,True,empty floor,sound_similarity,0,0.0666667,0.240691,0,0.0666667,0.118506,0,0.0666667,0.271224,0,0.0666667,0.145343,0,0.0666667,0.1565,0,0.0666667,0.265081,0,0.0666667,0.144166,0,0.0666667,0.233515,0,0.0666667,0.187891,0.5,0.4,0
-0.5,5.75,0.855017,-2.99573,0.00236407,0.00236407,0.00236407,0.117528,True,empty floor,sound_similarity,0,0.0666667,0.240691,0,0.0666667,0.118506,0,0.0666667,0.271224,0,0.0666667,0.145343,0,0.0666667,0.1565,0,0.0666667,0.265081,0,0.0666667,0.144166,0,0.0666667,0.233515,0,0.0666667,0.187891,0.5,0.4,0
-0.75,5.75,1.08612,-2.99573,0.00236407,0.00236407,0.00236407,0.117528,True,empty floor,sound_similarity,0,0.0666667,0.240691,0,0.0666667,0.118506,0,0.0666667,0.271224,0,0.0666667,0.145343,0,0.0666667,0.1565,0,0.0666667,0.265081,0,0.0666667,0.144166,0,0.0666667,0.233515,0,0.0666667,0.187891,0.5,0.4,0
-1,5.75,1.32411,-2.99573,0.00236407,0.00236407,0.00236407,0.117528,True,empty floor,sound_similarity,0,0.0666667,0.240691,0,0.0666667,0.118506,0,0.0666667,0.271224,0,0.0666667,0.145343,0,0.0666667,0.1565,0,0.0666667,0.265081,0,0.0666667,0.144166,0,0.0666667,0.233515,0,0.0666667,0.187891,0.5,0.4,0
-1.25,5.75,1.56584,-2.99573,0.00236407,0.00236407,0.00236407,0.117528,True,empty floor,sound_similarity,0,0.0666667,0.240691,0,0.0666667,0.118506,0,0.0666667,0.271224,0,0.0666667,0.145343,0,0.0666667,0.1565,0,0.0666667,0.265081,0,0.0666667,0.144166,0,0.0666667,0.233515,0,0.0666667,0.187891,0.5,0.4,0
-1.5,5.75,1.80983,-2.99573,0.00236407,0.00236407,0.00236407,0.117528,True,empty floor,sound_similarity,0,0.0666667,0.240691,0,0.0666667,0.118506,0,0.0666667,0.271224,0,0.0666667,0.145343,0,0.0666667,0.1565,0,0.0666667,0.265081,0,0.0666667,0.144166,0,0.0666667,0.233515,0,0.0666667,0.187891,0.5,0.4,0
-1.75,5.75,2.05526,-2.99573,0.00236407,0.00236407,0.00236407,0.117528,True,empty floor,sound_similarity,0,0.0666667,0.240691,0,0.0666667,0.118506,0,0.0666667,0.271224,0,0.0666667,0.145343,0,0.0666667,0.1565,0,0.0666667,0.265081,0,0.0666667,0.144166,0,0.0666667,0.233515,0,0.0666667,0.187891,0.5,0.4,0
-2,5.75,2.30167,-2.99573,0.00236407,0.00236407,0.00236407,0.117528,True,empty floor,sound_similarity,0,0.0666667,0.240691,0,0.0666667,0.118506,0,0.0666667,0.271224,0,0.0666667,0.145343,0,0.0666667,0.1565,0,0.0666667,0.265081,0,0.0666667,0.144166,0,0.0666667,0.233515,0,0.0666667,0.187891,0.5,0.4,0
-2.25,5.75,2.54878,-2.99573,0.00236407,0.00236407,0.00236407,0.117528,True,empty floor,sound_similarity,0,0.0666667,0.240691,0,0.0666667,0.118506,0,0.0666667,0.271224,0,0.0666667,0.145343,0,0.0666667,0.1565,0,0.0666667,0.265081,0,0.0666667,0.144166,0,0.0666667,0.233515,0,0.0666667,0.187891,0.5,0.4,0
2,5.5,1.83468,-2.99573,0.00236407,0.00236407,0.00236407,0.117528,True,empty floor,sound_similarity,0,0.0666667,0.240691,0,0.0666667,0.118506,0,0.0666667,0.271224,0,0.0666667,0.145343,0,0.0666667,0.1565,0,0.0666667,0.265081,0,0.0666667,0.144166,0,0.0666667,0.233515,0,0.0666667,0.187891,0.5,0.4,0
-1.25,6,1.5267,-2.99573,0.00236407,0.00236407,0.00236407,0.117528,True,empty floor,sound_similarity,0,0.0666667,0.240691,0,0.0666667,0.118506,0,0.0666667,0.271224,0,0.0666667,0.145343,0,0.0666667,0.1565,0,0.0666667,0.265081,0,0.0666667,0.144166,0,0.0666667,0.233515,0,0.0666667,0.187891,0.5,0.4,0
-1,6,1.27758,-2.99573,0.00236407,0.00236407,0.00236407,0.117528,True,empty floor,sound_similarity,0,0.0666667,0.240691,0,0.0666667,0.118506,0,0.0666667,0.271224,0,0.0666667,0.145343,0,0.0666667,0.1565,0,0.0666667,0.265081,0,0.0666667,0.144166,0,0.0666667,0.233515,0,0.0666667,0.187891,0.5,0.4,0
-0.75,6,1.02889,-2.99573,0.00236407,0.00236407,0.00236407,0.117528,True,empty floor,sound_similarity,0,0.0666667,0.240691,0,0.0666667,0.118506,0,0.0666667,0.271224,0,0.0666667,0.145343,0,0.0666667,0.1565,0,0.0666667,0.265081,0,0.0666667,0.144166,0,0.0666667,0.233515,0,0.0666667,0.187891,0.5,0.4,0
-2,6.25,2.27609,-2.99573,0.00236407,0.00236407,0.00236407,0.117528,True,empty floor,sound_similarity,0,0.0666667,0.240691,0,0.0666667,0.118506,0,0.0666667,0.271224,0,0.0666667,0.145343,0,0.0666667,0.1565,0,0.0666667,0.265081,0,0.0666667,0.144166,0,0.0666667,0.233515,0,0.0666667,0.187891,0.5,0.4,0
0.5,6.25,0.263735,-2.51719,0.00236407,0.00236407,0.00236407,0.117528,True,empty floor,sound_similarity,0,0.0666667,0.240691,0,0.0666667,0.118506,0,0.0666667,0.271224,0,0.0666667,0.145343,0,0.0666667,0.1565,0,0.0666667,0.265081,0,0.0666667,0.144166,0,0.0666667,0.233515,0,0.0666667,0.187891,0.5,0.4,0
0.25,6.25,0.13476,-2.96896,0.00236407,0.00236407,0.00236407,0.176292,False,tv,sound_similarity,0,0.1,0.240691,0,0.1,0.118506,0,0.1,0.271224,0,0.1,0.145343,0,0.1,0.1565,0,0.1,0.265081,0,0.1,0.144166,0,0.1,0.233515,0,0.1,0.187891,0,0.1,0
0,6.25,0.302926,-2.99573,0.00236407,0.00236407,0.00236407,0.117528,True,empty floor,sound_similarity,0,0.0666667,0.240691,0,0.0666667,0.118506,0,0.0666667,0.271224,0,0.0666667,0.145343,0,0.0666667,0.1565,0,0.0666667,0.265081,0,0.0666667,0.144166,0,0.0666667,0.233515,0,0.0666667,0.187891,0.5,0.4,0
-0.25,6.25,0.538858,-2.99573,0.00236407,0.00236407,0.00236407,0.117528,True,empty floor,sound_similarity,0,0.0666667,0.240691,0,0.0666667,0.118506,0,0.0666667,0.271224,0,0.0666667,0.145343,0,0.0666667,0.1565,0,0.0666667,0.265081,0,0.0666667,0.144166,0,0.0666667,0.233515,0,0.0666667,0.187891,0.5,0.4,0
-0.5,6.25,0.783564,-2.99573,0.00236407,0.00236407,0.00236407,0.117528,True,empty floor,sound_similarity,0,0.0666667,0.240691,0,0.0666667,0.118506,0,0.0666667,0.271224,0,0.0666667,0.145343,0,0.0666667,0.1565,0,0.0666667,0.265081,0,0.0666667,0.144166,0,0.0666667,0.233515,0,0.0666667,0.187891,0.5,0.4,0
-0.75,6.25,1.03081,-2.99573,0.00236407,0.00236407,0.00236407,0.117528,True,empty floor,sound_similarity,0,0.0666667,0.240691,0,0.0666667,0.118506,0,0.0666667,0.271224,0,0.0666667,0.145343,0,0.0666667,0.1565,0,0.0666667,0.265081,0,0.0666667,0.144166,0,0.0666667,0.233515,0,0.0666667,0.187891,0.5,0.4,0
-1,6.25,1.27913,-2.99573,0.00236407,0.00236407,0.00236407,0.117528,True,empty floor,sound_similarity,0,0.0666667,0.240691,0,0.0666667,0.118506,0,0.0666667,0.271224,0,0.0666667,0.145343,0,0.0666667,0.1565,0,0.0666667,0.265081,0,0.0666667,0.144166,0,0.0666667,0.233515,0,0.0666667,0.187891,0.5,0.4,0
-1.25,6.25,1.528,-2.99573,0.00236407,0.00236407,0.00236407,0.117528,True,empty floor,sound_similarity,0,0.0666667,0.240691,0,0.0666667,0.118506,0,0.0666667,0.271224,0,0.0666667,0.145343,0,0.0666667,0.1565,0,0.0666667,0.265081,0,0.0666667,0.144166,0,0.0666667,0.233515,0,0.0666667,0.187891,0.5,0.4,0
-1.5,6.25,1.77719,-2.99573,0.00236407,0.00236407,0.00236407,0.117528,True,empty floor,sound_similarity,0,0.0666667,0.240691,0,0.0666667,0.118506,0,0.0666667,0.271224,0,0.0666667,0.145343,0,0.0666667,0.1565,0,0.0666667,0.265081,0,0.0666667,0.144166,0,0.0666667,0.233515,0,0.0666667,0.187891,0.5,0.4,0
-1.75,6.25,2.02657,-2.99573,0.00236407,0.00236407,0.00236407,0.117528,True,empty floor,sound_similarity,0,0.0666667,0.240691,0,0.0666667,0.118506,0,0.0666667,0.271224,0,0.0666667,0.145343,0,0.0666667,0.1565,0,0.0666667,0.265081,0,0.0666667,0.144166,0,0.0666667,0.233515,0,0.0666667,0.187891,0.5,0.4,0
-2.25,6.25,2.52571,-2.99573,0.00236407,0.00236407,0.00236407,0.117528,True,empty floor,sound_similarity,0,0.0666667,0.240691,0,0.0666667,0.118506,0,0.0666667,0.271224,0,0.0666667,0.145343,0,0.0666667,0.1565,0,0.0666667,0.265081,0,0.0666667,0.144166,0,0.0666667,0.233515,0,0.0666667,0.187891,0.5,0.4,0
-0.5,6,0.781033,-2.99573,0.00236407,0.00236407,0.00236407,0.117528,True,empty floor,sound_similarity,0,0.0666667,0.240691,0,0.0666667,0.118506,0,0.0666667,0.271224,0,0.0666667,0.145343,0,0.0666667,0.1565,0,0.0666667,0.265081,0,0.0666667,0.144166,0,0.0666667,0.233515,0,0.0666667,0.187891,0.5,0.4,0
2,6,1.73175,-2.99573,0.00236407,0.00236407,0.00236407,0.117528,True,empty floor,sound_similarity,0,0.0666667,0.240691,0,0.0666667,0.118506,0,0.0666667,0.271224,0,0.0666667,0.145343,0,0.0666667,0.1565,0,0.0666667,0.265081,0,0.0666667,0.144166,0,0.0666667,0.233515,0,0.0666667,0.187891,0.5,0.4,0
1.75,6,1.48242,-2.99573,0.00236407,0.00236407,0.00236407,0.117528,True,empty floor,sound_similarity,0,0.0666667,0.240691,0,0.0666667,0.118506,0,0.0666667,0.271224,0,0.0666667,0.145343,0,0.0666667,0.1565,0,0.0666667,0.265081,0,0.0666667,0.144166,0,0.0666667,0.233515,0,0.0666667,0.187891,0.5,0.4,0
1.5,6,1.23336,-2.99573,0.00236407,0.00236407,0.00236407,0.117528,True,empty floor,sound_similarity,0,0.0666667,0.240691,0,0.0666667,0.118506,0,0.0666667,0.271224,0,0.0666667,0.145343,0,0.0666667,0.1565,0,0.0666667,0.265081,0,0.0666667,0.144166,0,0.0666667,0.233515,0,0.0666667,0.187891,0.5,0.4,0
1.25,6,0.984777,-2.99573,0.00236407,0.00236407,0.00236407,0.117528,True,empty floor,sound_similarity,0,0.0666667,0.240691,0,0.0666667,0.118506,0,0.0666667,0.271224,0,0.0666667,0.145343,0,0.0666667,0.1565,0,0.0666667,0.265081,0,0.0666667,0.144166,0,0.0666667,0.233515,0,0.0666667,0.187891,0.5,0.4,0
1,6,0.73715,-2.99573,0.00236407,0.00236407,0.00236407,0.117528,True,empty floor,sound_similarity,0,0.0666667,0.240691,0,0.0666667,0.118506,0,0.0666667,0.271224,0,0.0666667,0.145343,0,0.0666667,0.1565,0,0.0666667,0.265081,0,0.0666667,0.144166,0,0.0666667,0.233515,0,0.0666667,0.187891,0.5,0.4,0
0.75,6,0.491928,-2.99573,0.00236407,0.00236407,0.00236407,0.0881459,True,empty floor,sound_similarity,0,0.05,0.240691,0,0.05,0.118506,0,0.05,0.271224,0,0.05,0.145343,0,0.05,0.1565,0,0.05,0.265081,0,0.05,0.144166,0,0.05,0.233515,0,0.05,0.187891,1,0.55,0
0.5,6,0.25612,-2.99573,0.00236407,0.00236407,0.00236407,0.117528,True,empty floor,sound_similarity,0,0.0666667,0.240691,0,0.0666667,0.118506,0,0.0666667,0.271224,0,0.0666667,0.145343,0,0.0666667,0.1565,0,0.0666667,0.265081,0,0.0666667,0.144166,0,0.0666667,0.233515,0,0.0666667,0.187891,0.5,0.4,0
0.25,6,0.11917,-2.99573,0.00236407,0.00236407,0.00236407,0.176292,False,tv,sound_similarity,0,0.1,0.240691,0,0.1,0.118506,0,0.1,0.271224,0,0.1,0.145343,0,0.1,0.1565,0,0.1,0.265081,0,0.1,0.144166,0,0.1,0.233515,0,0.1,0.187891,0,0.1,0
0,6,0.29632,-2.99573,0.00236407,0.00236407,0.00236407,0.117528,True,empty floor,sound_similarity,0,0.0666667,0.240691,0,0.0666667,0.118506,0,0.0666667,0.271224,0,0.0666667,0.145343,0,0.0666667,0.1565,0,0.0666667,0.265081,0,0.0666667,0.144166,0,0.0666667,0.233515,0,0.0666667,0.187891,0.5,0.4,0
-0.25,6,0.535172,-2.99573,0.00236407,0.00236407,0.00236407,0.117528,True,empty floor,sound_similarity,0,0.0666667,0.240691,0,0.0666667,0.118506,0,0.0666667,0.271224,0,0.0666667,0.145343,0,0.0666667,0.1565,0,0.0666667,0.265081,0,0.0666667,0.144166,0,0.0666667,0.233515,0,0.0666667,0.187891,0.5,0.4,0
1.75,5.5,1.60146,-2.99573,0.00236407,0.00236407,0.00236407,0.117528,True,empty floor,sound_similarity,0,0.0666667,0.240691,0,0.0666667,0.118506,0,0.0666667,0.271224,0,0.0666667,0.145343,0,0.0666667,0.1565,0,0.0666667,0.265081,0,0.0666667,0.144166,0,0.0666667,0.233515,0,0.0666667,0.187891,0.5,0.4,0
1.25,5.5,1.15623,-2.99573,0.00236407,0.00236407,0.00236407,0.117528,True,empty floor,sound_similarity,0,0.0666667,0.240691,0,0.0666667,0.118506,0,0.0666667,0.271224,0,0.0666667,0.145343,0,0.0666667,0.1565,0,0.0666667,0.265081,0,0.0666667,0.144166,0,0.0666667,0.233515,0,0.0666667,0.187891,0.5,0.4,0
1,6.25,0.73983,-2.99418,0.00236407,0.00236407,0.00236407,0.223758,True,couch,sound_similarity,0,0.05,0.240691,0,0.05,0.118506,1,0.55,0.271224,0,0.05,0.145343,0,0.05,0.1565,0,0.05,0.265081,0,0.05,0.144166,0,0.05,0.233515,0,0.05,0.187891,0,0.05,0
1,5.5,0.954186,-2.99573,0.00236407,0.00236407,0.00236407,0.117528,True,empty floor,sound_similarity,0,0.0666667,0.240691,0,0.0666667,0.118506,0,0.0666667,0.271224,0,0.0666667,0.145343,0,0.0666667,0.1565,0,0.0666667,0.265081,0,0.0666667,0.144166,0,0.0666667,0.233515,0,0.0666667,0.187891,0.5,0.4,0
-1.5,5.25,1.97296,-2.99573,0.00236407,0.00236407,0.00236407,0.117528,True,empty floor,sound_similarity,0,0.0666667,0.240691,0,0.0666667,0.118506,0,0.0666667,0.271224,0,0.0666667,0.145343,0,0.0666667,0.1565,0,0.0666667,0.265081,0,0.0666667,0.144166,0,0.0666667,0.233515,0,0.0666667,0.187891,0.5,0.4,0
-1.75,5.25,2.20026,-2.99573,0.00236407,0.00236407,0.00236407,0.176292,False,tv,sound_similarity,0,0.1,0.240691,0,0.1,0.118506,0,0.1,0.271224,0,0.1,0.145343,0,0.1,0.1565,0,0.1,0.265081,0,0.1,0.144166,0,0.1,0.233515,0,0.1,0.187891,0,0.1,0
-2.25,5.25,2.66709,-2.99573,0.00236407,0.00236407,0.00236407,0.117528,True,empty floor,sound_similarity,0,0.0666667,0.240691,0,0.0666667,0.118506,0,0.0666667,0.271224,0,0.0666667,0.145343,0,0.0666667,0.1565,0,0.0666667,0.265081,0,0.0666667,0.144166,0,0.0666667,0.233515,0,0.0666667,0.187891,0.5,0.4,0
2,5,2.05746,-2.99573,0.00236407,0.00236407,0.00236407,0.117528,True,empty floor,sound_similarity,0,0.0666667,0.240691,0,0.0666667,0.118506,0,0.0666667,0.271224,0,0.0666667,0.145343,0,0.0666667,0.1565,0,0.0666667,0.265081,0,0.0666667,0.144166,0,0.0666667,0.233515,0,0.0666667,0.187891,0.5,0.4,0
1.75,5,1.8525,-2.99573,0.00236407,0.00236407,0.00236407,0.117528,True,empty floor,sound_similarity,0,0.0666667,0.240691,0,0.0666667,0.118506,0,0.0666667,0.271224,0,0.0666667,0.145343,0,0.0666667,0.1565,0,0.0666667,0.265081,0,0.0666667,0.144166,0,0.0666667,0.233515,0,0.0666667,0.187891,0.5,0.4,0
1.5,5,1.65992,-2.99573,0.00236407,0.00236407,0.00236407,0.117528,True,empty floor,sound_similarity,0,0.0666667,0.240691,0,0.0666667,0.118506,0,0.0666667,0.271224,0,0.0666667,0.145343,0,0.0666667,0.1565,0,0.0666667,0.265081,0,0.0666667,0.144166,0,0.0666667,0.233515,0,0.0666667,0.187891,0.5,0.4,0
1,5,1.33325,-2.99573,0.00236407,0.00236407,0.00236407,0.117528,True,empty floor,sound_similarity,0,0.0666667,0.240691,0,0.0666667,0.118506,0,0.0666667,0.271224,0,0.0666667,0.145343,0,0.0666667,0.1565,0,0.0666667,0.265081,0,0.0666667,0.144166,0,0.0666667,0.233515,0,0.0666667,0.187891,0.5,0.4,0
0.75,5,1.21497,-2.99573,0.00236407,0.00236407,0.00236407,0.117528,True,empty floor,sound_similarity,0,0.0666667,0.240691,0,0.0666667,0.118506,0,0.0666667,0.271224,0,0.0666667,0.145343,0,0.0666667,0.1565,0,0.0666667,0.265081,0,0.0666667,0.144166,0,0.0666667,0.233515,0,0.0666667,0.187891,0.5,0.4,0
0.5,5,1.14007,-2.99573,0.00236407,0.00236407,0.00236407,0.147399,True,chair,sound_similarity,0,0.05,0.240691,1,0.55,0.118506,0,0.05,0.271224,0,0.05,0.145343,0,0.05,0.1565,0,0.05,0.265081,0,0.05,0.144166,0,0.05,0.233515,0,0.05,0.187891,0,0.05,0
0.25,5,1.1173,-2.99573,0.00236407,0.00236407,0.00236407,0.117528,True,empty floor,sound_similarity,0,0.0666667,0.240691,0,0.0666667,0.118506,0,0.0666667,0.271224,0,0.0666667,0.145343,0,0.0666667,0.1565,0,0.0666667,0.265081,0,0.0666667,0.144166,0,0.0666667,0.233515,0,0.0666667,0.187891,0.5,0.4,0
0,5,1.14977,-2.99573,0.00236407,0.00236407,0.00236407,0.117528,True,empty floor,sound_similarity,0,0.0666667,0.240691,0,0.0666667,0.118506,0,0.0666667,0.271224,0,0.0666667,0.145343,0,0.0666667,0.1565,0,0.0666667,0.265081,0,0.0666667,0.144166,0,0.0666667,0.233515,0,0.0666667,0.187891,0.5,0.4,0
-0.25,5,1.23312,-2.99573,0.00236407,0.00236407,0.00236407,0.117528,True,empty floor,sound_similarity,0,0.0666667,0.240691,0,0.0666667,0.118506,0,0.0666667,0.271224,0,0.0666667,0.145343,0,0.0666667,0.1565,0,0.0666667,0.265081,0,0.0666667,0.144166,0,0.0666667,0.233515,0,0.0666667,0.187891,0.5,0.4,0
-0.5,5,1.35801,-2.99573,0.00236407,0.00236407,0.00236407,0.117528,True,empty floor,sound_similarity,0,0.0666667,0.240691,0,0.0666667,0.118506,0,0.0666667,0.271224,0,0.0666667,0.145343,0,0.0666667,0.1565,0,0.0666667,0.265081,0,0.0666667,0.144166,0,0.0666667,0.233515,0,0.0666667,0.187891,0.5,0.4,0
-0.75,5,1.51419,-2.99573,0.00236407,0.00236407,0.00236407,0.117528,True,empty floor,sound_similarity,0,0.0666667,0.240691,0,0.0666667,0.118506,0,0.0666667,0.271224,0,0.0666667,0.145343,0,0.0666667,0.1565,0,0.0666667,0.265081,0,0.0666667,0.144166,0,0.0666667,0.233515,0,0.0666667,0.187891,0.5,0.4,0
-1,5,1.69304,-2.99573,0.00236407,0.00236407,0.00236407,0.117528,True,empty floor,sound_similarity,0,0.0666667,0.240691,0,0.0666667,0.118506,0,0.0666667,0.271224,0,0.0666667,0.145343,0,0.0666667,0.1565,0,0.0666667,0.265081,0,0.0666667,0.144166,0,0.0666667,0.233515,0,0.0666667,0.187891,0.5,0.4,0
-1.25,5,1.88812,-2.99573,0.00236407,0.00236407,0.00236407,0.117528,True,empty floor,sound_similarity,0,0.0666667,0.240691,0,0.0666667,0.118506,0,0.0666667,0.271224,0,0.0666667,0.145343,0,0.0666667,0.1565,0,0.0666667,0.265081,0,0.0666667,0.144166,0,0.0666667,0.233515,0,0.0666667,0.187891,0.5,0.4,0
-1.5,5,2.0949,-2.99573,0.00236407,0.00236407,0.00236407,0.117528,True,empty floor,sound_similarity,0,0.0666667,0.240691,0,0.0666667,0.118506,0,0.0666667,0.271224,0,0.0666667,0.145343,0,0.0666667,0.1565,0,0.0666667,0.265081,0,0.0666667,0.144166,0,0.0666667,0.233515,0,0.0666667,0.187891,0.5,0.4,0
-1.75,5,2.31024,-2.99573,0.00236407,0.00236407,0.00236407,0.117528,True,empty floor,sound_similarity,0,0.0666667,0.240691,0,0.0666667,0.118506,0,0.0666667,0.271224,0,0.0666667,0.145343,0,0.0666667,0.1565,0,0.0666667,0.265081,0,0.0666667,0.144166,0,0.0666667,0.233515,0,0.0666667,0.187891,0.5,0.4,0
-2.25,5,2.75852,-2.99573,0.00236407,0.00236407,0.00236407,0.176292,False,tv,sound_similarity,0,0.1,0.240691,0,0.1,0.118506,0,0.1,0.271224,0,0.1,0.145343,0,0.1,0.1565,0,0.1,0.265081,0,0.1,0.144166,0,0.1,0.233515,0,0.1,0.187891,0,0.1,0
2,4.75,2.20322,-2.99573,0.00236407,0.00236407,0.00236407,0.117528,True,empty floor,sound_similarity,0,0.0666667,0.240691,0,0.0666667,0.118506,0,0.0666667,0.271224,0,0.0666667,0.145343,0,0.0666667,0.1565,0,0.0666667,0.265081,0,0.0666667,0.144166,0,0.0666667,0.233515,0,0.0666667,0.187891,0.5,0.4,0
1.75,4.75,2.01315,-2.99573,0.00236407,0.00236407,0.00236407,0.117528,True,empty floor,sound_similarity,0,0.0666667,0.240691,0,0.0666667,0.118506,0,0.0666667,0.271224,0,0.0666667,0.145343,0,0.0666667,0.1565,0,0.0666667,0.265081,0,0.0666667,0.144166,0,0.0666667,0.233515,0,0.0666667,0.187891,0.5,0.4,0
1.25,4.75,1.68077,-2.99573,0.00236407,0.00236407,0.00236407,0.117528,True,empty floor,sound_similarity,0,0.0666667,0.240691,0,0.0666667,0.118506,0,0.0666667,0.271224,0,0.0666667,0.145343,0,0.0666667,0.1565,0,0.0666667,0.265081,0,0.0666667,0.144166,0,0.0666667,0.233515,0,0.0666667,0.187891,0.5,0.4,0
1,4.75,1.54874,-2.99573,0.00236407,0.00236407,0.00236407,0.117528,True,empty floor,sound_similarity,0,0.0666667,0.240691,0,0.0666667,0.118506,0,0.0666667,0.271224,0,0.0666667,0.145343,0,0.0666667,0.1565,0,0.0666667,0.265081,0,0.0666667,0.144166,0,0.0666667,0.233515,0,0.0666667,0.187891,0.5,0.4,0
-1.25,5.25,1.75184,-2.99573,0.00236407,0.00236407,0.00236407,0.117528,True,empty floor,sound_similarity,0,0.0666667,0.240691,0,0.0666667,0.118506,0,0.0666667,0.271224,0,0.0666667,0.145343,0,0.0666667,0.1565,0,0.0666667,0.265081,0,0.0666667,0.144166,0,0.0666667,0.233515,0,0.0666667,0.187891,0.5,0.4,0
-1,5.25,1.53959,-2.99573,0.00236407,0.00236407,0.00236407,0.117528,True,empty floor,sound_similarity,0,0.0666667,0.240691,0,0.0666667,0.118506,0,0.0666667,0.271224,0,0.0666667,0.145343,0,0.0666667,0.1565,0,0.0666667,0.265081,0,0.0666667,0.144166,0,0.0666667,0.233515,0,0.0666667,0.187891,0.5,0.4,0
-0.75,5.25,1.34043,-2.99573,0.00236407,0.00236407,0.00236407,0.117528,True,empty floor,sound_similarity,0,0.0666667,0.240691,0,0.0666667,0.118506,0,0.0666667,0.271224,0,0.0666667,0.145343,0,0.0666667,0.1565,0,0.0666667,0.265081,0,0.0666667,0.144166,0,0.0666667,0.233515,0,0.0666667,0.187891,0.5,0.4,0
-1.75,5.5,2.11426,-2.99573,0.00236407,0.00236407,0.00236407,0.117528,True,empty floor,sound_similarity,0,0.0666667,0.240691,0,0.0666667,0.118506,0,0.0666667,0.271224,0,0.0666667,0.145343,0,0.0666667,0.1565,0,0.0666667,0.265081,0,0.0666667,0.144166,0,0.0666667,0.233515,0,0.0666667,0.187891,0.5,0.4,0
0.75,5.5,0.780433,-2.99573,0.00236407,0.00236407,0.00236407,0.117528,True,empty floor,sound_similarity,0,0.0666667,0.240691,0,0.0666667,0.118506,0,0.0666667,0.271224,0,0.0666667,0.145343,0,0.0666667,0.1565,0,0.0666667,0.265081,0,0.0666667,0.144166,0,0.0666667,0.233515,0,0.0666667,0.187891,0.5,0.4,0
0.5,5.5,0.657784,-2.99573,0.00236407,0.00236407,0.00236407,0.117528,True,empty floor,sound_similarity,0,0.0666667,0.240691,0,0.0666667,0.118506,0,0.0666667,0.271224,0,0.0666667,0.145343,0,0.0666667,0.1565,0,0.0666667,0.265081,0,0.0666667,0.144166,0,0.0666667,0.233515,0,0.0666667,0.187891,0.5,0.4,0
0.25,5.5,0.617482,-2.99573,0.00236407,0.00236407,0.00236407,0.117528,True,empty floor,sound_similarity,0,0.0666667,0.240691,0,0.0666667,0.118506,0,0.0666667,0.271224,0,0.0666667,0.145343,0,0.0666667,0.1565,0,0.0666667,0.265081,0,0.0666667,0.144166,0,0.0666667,0.233515,0,0.0666667,0.187891,0.5,0.4,0
0,5.5,0.674454,-2.99573,0.00236407,0.00236407,0.00236407,0.117528,True,empty floor,sound_similarity,0,0.0666667,0.240691,0,0.0666667,0.118506,0,0.0666667,0.271224,0,0.0666667,0.145343,0,0.0666667,0.1565,0,0.0666667,0.265081,0,0.0666667,0.144166,0,0.0666667,0.233515,0,0.0666667,0.187891,0.5,0.4,0
-0.25,5.5,0.808388,-2.99573,0.00236407,0.00236407,0.00236407,0.117528,True,empty floor,sound_similarity,0,0.0666667,0.240691,0,0.0666667,0.118506,0,0.0666667,0.271224,0,0.0666667,0.145343,0,0.0666667,0.1565,0,0.0666667,0.265081,0,0.0666667,0.144166,0,0.0666667,0.233515,0,0.0666667,0.187891,0.5,0.4,0
-0.5,5.5,0.988481,-2.99573,0.00236407,0.00236407,0.00236407,0.117528,True,empty floor,sound_similarity,0,0.0666667,0.240691,0,0.0666667,0.118506,0,0.0666667,0.271224,0,0.0666667,0.145343,0,0.0666667,0.1565,0,0.0666667,0.265081,0,0.0666667,0.144166,0,0.0666667,0.233515,0,0.0666667,0.187891,0.5,0.4,0
-0.75,5.5,1.19403,-2.99573,0.00236407,0.00236407,0.00236407,0.117528,True,empty floor,sound_similarity,0,0.0666667,0.240691,0,0.0666667,0.118506,0,0.0666667,0.271224,0,0.0666667,0.145343,0,0.0666667,0.1565,0,0.0666667,0.265081,0,0.0666667,0.144166,0,0.0666667,0.233515,0,0.0666667,0.187891,0.5,0.4,0
-1,5.5,1.41397,-2.99573,0.00236407,0.00236407,0.00236407,0.117528,True,empty floor,sound_similarity,0,0.0666667,0.240691,0,0.0666667,0.118506,0,0.0666667,0.271224,0,0.0666667,0.145343,0,0.0666667,0.1565,0,0.0666667,0.265081,0,0.0666667,0.144166,0,0.0666667,0.233515,0,0.0666667,0.187891,0.5,0.4,0
-1.25,5.5,1.64253,-2.99573,0.00236407,0.00236407,0.00236407,0.176292,False,tv,sound_similarity,0,0.1,0.240691,0,0.1,0.118506,0,0.1,0.271224,0,0.1,0.145343,0,0.1,0.1565,0,0.1,0.265081,0,0.1,0.144166,0,0.1,0.233515,0,0.1,0.187891,0,0.1,0
-1.5,5.5,1.87657,-2.99573,0.00236407,0.00236407,0.00236407,0.117528,True,empty floor,sound_similarity,0,0.0666667,0.240691,0,0.0666667,0.118506,0,0.0666667,0.271224,0,0.0666667,0.145343,0,0.0666667,0.1565,0,0.0666667,0.265081,0,0.0666667,0.144166,0,0.0666667,0.233515,0,0.0666667,0.187891,0.5,0.4,0
-2.25,5.5,2.5966,-2.99573,0.00236407,0.00236407,0.00236407,0.117528,True,empty floor,sound_similarity,0,0.0666667,0.240691,0,0.0666667,0.118506,0,0.0666667,0.271224,0,0.0666667,0.145343,0,0.0666667,0.1565,0,0.0666667,0.265081,0,0.0666667,0.144166,0,0.0666667,0.233515,0,0.0666667,0.187891,0.5,0.4,0
-0.5,5.25,1.16109,-2.99573,0.00236407,0.00236407,0.00236407,0.117528,True,empty floor,sound_similarity,0,0.0666667,0.240691,0,0.0666667,0.118506,0,0.0666667,0.271224,0,0.0666667,0.145343,0,0.0666667,0.1565,0,0.0666667,0.265081,0,0.0666667,0.144166,0,0.0666667,0.233515,0,0.0666667,0.187891,0.5,0.4,0
2,5.25,1.93316,-2.99573,0.00236407,0.00236407,0.00236407,0.117528,True,empty floor,sound_similarity,0,0.0666667,0.240691,0,0.0666667,0.118506,0,0.0666667,0.271224,0,0.0666667,0.145343,0,0.0666667,0.1565,0,0.0666667,0.265081,0,0.0666667,0.144166,0,0.0666667,0.233515,0,0.0666667,0.187891,0.5,0.4,0
1.75,5.25,1.71339,-2.99573,0.00236407,0.00236407,0.00236407,0.117528,True,empty floor,sound_similarity,0,0.0666667,0.240691,0,0.0666667,0.118506,0,0.0666667,0.271224,0,0.0666667,0.145343,0,0.0666667,0.1565,0,0.0666667,0.265081,0,0.0666667,0.144166,0,0.0666667,0.233515,0,0.0666667,0.187891,0.5,0.4,0
1.5,5.25,1.5031,-2.99573,0.00236407,0.00236407,0.00236407,0.117528,True,empty floor,sound_similarity,0,0.0666667,0.240691,0,0.0666667,0.118506,0,0.0666667,0.271224,0,0.0666667,0.145343,0,0.0666667,0.1565,0,0.0666667,0.265081,0,0.0666667,0.144166,0,0.0666667,0.233515,0,0.0666667,0.187891,0.5,0.4,0
1.25,5.25,1.30687,-2.99573,0.00236407,0.00236407,0.00236407,0.223758,True,couch,sound_similarity,0,0.05,0.240691,0,0.05,0.118506,1,0.55,0.271224,0,0.05,0.145343,0,0.05,0.1565,0,0.05,0.265081,0,0.05,0.144166,0,0.05,0.233515,0,0.05,0.187891,0,0.05,0
1,5.25,1.13204,-2.99573,0.00236407,0.00236407,0.00236407,0.117528,True,empty floor,sound_similarity,0,0.0666667,0.240691,0,0.0666667,0.118506,0,0.0666667,0.271224,0,0.0666667,0.145343,0,0.0666667,0.1565,0,0.0666667,0.265081,0,0.0666667,0.144166,0,0.0666667,0.233515,0,0.0666667,0.187891,0.5,0.4,0
0.75,5.25,0.990009,-2.99573,0.00236407,0.00236407,0.00236407,0.117528,True,empty floor,sound_similarity,0,0.0666667,0.240691,0,0.0666667,0.118506,0,0.0666667,0.271224,0,0.0666667,0.145343,0,0.0666667,0.1565,0,0.0666667,0.265081,0,0.0666667,0.144166,0,0.0666667,0.233515,0,0.0666667,0.187891,0.5,0.4,0
0.5,5.25,0.896505,-2.99573,0.00236407,0.00236407,0.00236407,0.117528,True,empty floor,sound_similarity,0,0.0666667,0.240691,0,0.0666667,0.118506,0,0.0666667,0.271224,0,0.0666667,0.145343,0,0.0666667,0.1565,0,0.0666667,0.265081,0,0.0666667,0.144166,0,0.0666667,0.233515,0,0.0666667,0.187891,0.5,0.4,0
0.25,5.25,0.867367,-2.99573,0.00236407,0.00236407,0.00236407,0.117528,True,empty floor,sound_similarity,0,0.0666667,0.240691,0,0.0666667,0.118506,0,0.0666667,0.271224,0,0.0666667,0.145343,0,0.0666667,0.1565,0,0.0666667,0.265081,0,0.0666667,0.144166,0,0.0666667,0.233515,0,0.0666667,0.187891,0.5,0.4,0
0,5.25,0.908806,-2.99573,0.00236407,0.00236407,0.00236407,0.117528,True,empty floor,sound_similarity,0,0.0666667,0.240691,0,0.0666667,0.118506,0,0.0666667,0.271224,0,0.0666667,0.145343,0,0.0666667,0.1565,0,0.0666667,0.265081,0,0.0666667,0.144166,0,0.0666667,0.233515,0,0.0666667,0.187891,0.5,0.4,0
-0.25,5.25,1.01219,-2.99573,0.00236407,0.00236407,0.00236407,0.117528,True,empty floor,sound_similarity,0,0.0666667,0.240691,0,0.0666667,0.118506,0,0.0666667,0.271224,0,0.0666667,0.145343,0,0.0666667,0.1565,0,0.0666667,0.265081,0,0.0666667,0.144166,0,0.0666667,0.233515,0,0.0666667,0.187891,0.5,0.4,0
0.75,6.25,0.495936,-2.98636,0.00236407,0.00236407,0.00236407,0.117528,True,empty floor,sound_similarity,0,0.0666667,0.240691,0,0.0666667,0.118506,0,0.0666667,0.271224,0,0.0666667,0.145343,0,0.0666667,0.1565,0,0.0666667,0.265081,0,0.0666667,0.144166,0,0.0666667,0.233515,0,0.0666667,0.187891,0.5,0.4,0
1.25,6.25,0.986785,-2.99514,0.00236407,0.00236407,0.00236407,0.117528,True,empty floor,sound_similarity,0,0.0666667,0.240691,0,0.0666667,0.118506,0,0.0666667,0.271224,0,0.0666667,0.145343,0,0.0666667,0.1565,0,0.0666667,0.265081,0,0.0666667,0.144166,0,0.0666667,0.233515,0,0.0666667,0.187891,0.5,0.4,0
0.5,4.75,1.38593,-2.99573,0.00236407,0.00236407,0.00236407,0.117528,True,empty floor,sound_similarity,0,0.0666667,0.240691,0,0.0666667,0.118506,0,0.0666667,0.271224,0,0.0666667,0.145343,0,0.0666667,0.1565,0,0.0666667,0.265081,0,0.0666667,0.144166,0,0.0666667,0.233515,0,0.0666667,0.187891,0.5,0.4,0
1.5,7,1.51229,-1.91297,0.00236407,0.00236407,0.00236407,0.117528,True,empty floor,sound_similarity,0,0.0666667,0.240691,0,0.0666667,0.118506,0,0.0666667,0.271224,0,0.0666667,0.145343,0,0.0666667,0.1565,0,0.0666667,0.265081,0,0.0666667,0.144166,0,0.0666667,0.233515,0,0.0666667,0.187891,0.5,0.4,0
-1.5,7.5,2.24793,-2.99573,0.00236407,0.00236407,0.00236407,0.117528,True,empty floor,sound_similarity,0,0.0666667,0.240691,0,0.0666667,0.118506,0,0.0666667,0.271224,0,0.0666667,0.145343,0,0.0666667,0.1565,0,0.0666667,0.265081,0,0.0666667,0.144166,0,0.0666667,0.233515,0,0.0666667,0.187891,0.5,0.4,0
-1.75,7.5,2.44985,-2.99573,0.00236407,0.00236407,0.00236407,0.117528,True,empty floor,sound_similarity,0,0.0666667,0.240691,0,0.0666667,0.118506,0,0.0666667,0.271224,0,0.0666667,0.145343,0,0.0666667,0.1565,0,0.0666667,0.265081,0,0.0666667,0.144166,0,0.0666667,0.233515,0,0.0666667,0.187891,0.5,0.4,0
-2,7.5,2.65996,-2.99573,0.00236407,0.00236407,0.00236407,0.117528,True,empty floor,sound_similarity,0,0.0666667,0.240691,0,0.0666667,0.118506,0,0.0666667,0.271224,0,0.0666667,0.145343,0,0.0666667,0.1565,0,0.0666667,0.265081,0,0.0666667,0.144166,0,0.0666667,0.233515,0,0.0666667,0.187891,0.5,0.4,0
-2.25,7.5,2.87646,-2.99573,0.00236407,0.00236407,0.00236407,0.117528,True,empty floor,sound_similarity,0,0.0666667,0.240691,0,0.0666667,0.118506,0,0.0666667,0.271224,0,0.0666667,0.145343,0,0.0666667,0.1565,0,0.0666667,0.265081,0,0.0666667,0.144166,0,0.0666667,0.233515,0,0.0666667,0.187891,0.5,0.4,0
2,7.25,2.0661,-2.21197,0.00236407,0.00236407,0.00236407,0.117528,True,empty floor,sound_similarity,0,0.0666667,0.240691,0,0.0666667,0.118506,0,0.0666667,0.271224,0,0.0666667,0.145343,0,0.0666667,0.1565,0,0.0666667,0.265081,0,0.0666667,0.144166,0,0.0666667,0.233515,0,0.0666667,0.187891,0.5,0.4,0
1.75,7.25,1.86209,-1.68743,0.00236407,0.00236407,0.00236407,0.117528,True,empty floor,sound_similarity,0,0.0666667,0.240691,0,0.0666667,0.118506,0,0.0666667,0.271224,0,0.0666667,0.145343,0,0.0666667,0.1565,0,0.0666667,0.265081,0,0.0666667,0.144166,0,0.0666667,0.233515,0,0.0666667,0.187891,0.5,0.4,0
1.5,7.25,1.67062,-1.03044,0.00236407,0.00236407,0.00236407,0.117528,True,empty floor,sound_similarity,0,0.0666667,0.240691,0,0.0666667,0.118506,0,0.0666667,0.271224,0,0.0666667,0.145343,0,0.0666667,0.1565,0,0.0666667,0.265081,0,0.0666667,0.144166,0,0.0666667,0.233515,0,0.0666667,0.187891,0.5,0.4,0
1.25,7.25,1.49652,-0.389829,0.00236407,0.00236407,0.00236407,0.117528,True,empty floor,sound_similarity,0,0.0666667,0.240691,0,0.0666667,0.118506,0,0.0666667,0.271224,0,0.0666667,0.145343,0,0.0666667,0.1565,0,0.0666667,0.265081,0,0.0666667,0.144166,0,0.0666667,0.233515,0,0.0666667,0.187891,0.5,0.4,0
1,7.25,1.34655,-0.0140455,0.00236407,0.00236407,0.00236407,0.117528,True,empty floor,sound_similarity,0,0.0666667,0.240691,0,0.0666667,0.118506,0,0.0666667,0.271224,0,0.0666667,0.145343,0,0.0666667,0.1565,0,0.0666667,0.265081,0,0.0666667,0.144166,0,0.0666667,0.233515,0,0.0666667,0.187891,0.5,0.4,0
0.75,7.25,1.22955,-0.25137,0.00236407,0.00236407,0.00236407,0.117528,True,empty floor,sound_similarity,0,0.0666667,0.240691,0,0.0666667,0.118506,0,0.0666667,0.271224,0,0.0666667,0.145343,0,0.0666667,0.1565,0,0.0666667,0.265081,0,0.0666667,0.144166,0,0.0666667,0.233515,0,0.0666667,0.187891,0.5,0.4,0
0.5,7.25,1.15559,-1.40122,0.00236407,0.00236407,0.00236407,0.117528,True,empty floor,sound_similarity,0,0.0666667,0.240691,0,0.0666667,0.118506,0,0.0666667,0.271224,0,0.0666667,0.145343,0,0.0666667,0.1565,0,0.0666667,0.265081,0,0.0666667,0.144166,0,0.0666667,0.233515,0,0.0666667,0.187891,0.5,0.4,0
0.25,7.25,1.13314,-2.74058,0.00236407,0.00236407,0.00236407,0.117528,True,empty floor,sound_similarity,0,0.0666667,0.240691,0,0.0666667,0.118506,0,0.0666667,0.271224,0,0.0666667,0.145343,0,0.0666667,0.1565,0,0.0666667,0.265081,0,0.0666667,0.144166,0,0.0666667,0.233515,0,0.0666667,0.187891,0.5,0.4,0
0,7.25,1.16516,-2.9884,0.00236407,0.00236407,0.00236407,0.117528,True,empty floor,sound_similarity,0,0.0666667,0.240691,0,0.0666667,0.118506,0,0.0666667,0.271224,0,0.0666667,0.145343,0,0.0666667,0.1565,0,0.0666667,0.265081,0,0.0666667,0.144166,0,0.0666667,0.233515,0,0.0666667,0.187891,0.5,0.4,0
-0.25,7.25,1.24748,-2.99561,0.00236407,0.00236407,0.00236407,0.117528,True,empty floor,sound_similarity,0,0.0666667,0.240691,0,0.0666667,0.118506,0,0.0666667,0.271224,0,0.0666667,0.145343,0,0.0666667,0.1565,0,0.0666667,0.265081,0,0.0666667,0.144166,0,0.0666667,0.233515,0,0.0666667,0.187891,0.5,0.4,0
-0.5,7.25,1.37106,-2.99573,0.00236407,0.00236407,0.00236407,0.176292,False,tv,sound_similarity,0,0.1,0.240691,0,0.1,0.118506,0,0.1,0.271224,0,0.1,0.145343,0,0.1,0.1565,0,0.1,0.265081,0,0.1,0.144166,0,0.1,0.233515,0,0.1,0.187891,0,0.1,0
-0.75,7.25,1.52591,-2.99573,0.00236407,0.00236407,0.00236407,0.117528,True,empty floor,sound_similarity,0,0.0666667,0.240691,0,0.0666667,0.118506,0,0.0666667,0.271224,0,0.0666667,0.145343,0,0.0666667,0.1565,0,0.0666667,0.265081,0,0.0666667,0.144166,0,0.0666667,0.233515,0,0.0666667,0.187891,0.5,0.4,0
-1,7.25,1.70353,-2.99573,0.00236407,0.00236407,0.00236407,0.117528,True,empty floor,sound_similarity,0,0.0666667,0.240691,0,0.0666667,0.118506,0,0.0666667,0.271224,0,0.0666667,0.145343,0,0.0666667,0.1565,0,0.0666667,0.265081,0,0.0666667,0.144166,0,0.0666667,0.233515,0,0.0666667,0.187891,0.5,0.4,0
-1.25,7.25,1.89753,-2.99573,0.00236407,0.00236407,0.00236407,0.117528,True,empty floor,sound_similarity,0,0.0666667,0.240691,0,0.0666667,0.118506,0,0.0666667,0.271224,0,0.0666667,0.145343,0,0.0666667,0.1565,0,0.0666667,0.265081,0,0.0666667,0.144166,0,0.0666667,0.233515,0,0.0666667,0.187891,0.5,0.4,0
-1.5,7.25,2.10338,-2.99573,0.00236407,0.00236407,0.00236407,0.117528,True,empty floor,sound_similarity,0,0.0666667,0.240691,0,0.0666667,0.118506,0,0.0666667,0.271224,0,0.0666667,0.145343,0,0.0666667,0.1565,0,0.0666667,0.265081,0,0.0666667,0.144166,0,0.0666667,0.233515,0,0.0666667,0.187891,0.5,0.4,0
-1.75,7.25,2.31794,-2.99573,0.00236407,0.00236407,0.00236407,0.117528,True,empty floor,sound_similarity,0,0.0666667,0.240691,0,0.0666667,0.118506,0,0.0666667,0.271224,0,0.0666667,0.145343,0,0.0666667,0.1565,0,0.0666667,0.265081,0,0.0666667,0.144166,0,0.0666667,0.233515,0,0.0666667,0.187891,0.5,0.4,0
-2,7.25,2.53898,-2.99573,0.00236407,0.00236407,0.00236407,0.117528,True,empty floor,sound_similarity,0,0.0666667,0.240691,0,0.0666667,0.118506,0,0.0666667,0.271224,0,0.0666667,0.145343,0,0.0666667,0.1565,0,0.0666667,0.265081,0,0.0666667,0.144166,0,0.0666667,0.233515,0,0.0666667,0.187891,0.5,0.4,0
-2.25,7.25,2.76497,-2.99573,0.00236407,0.00236407,0.00236407,0.117528,True,empty floor,sound_similarity,0,0.0666667,0.240691,0,0.0666667,0.118506,0,0.0666667,0.271224,0,0.0666667,0.145343,0,0.0666667,0.1565,0,0.0666667,0.265081,0,0.0666667,0.144166,0,0.0666667,0.233515,0,0.0666667,0.187891,0.5,0.4,0
2,7,1.94031,-2.74792,0.00236407,0.00236407,0.00236407,0.117528,True,empty floor,sound_similarity,0,0.0666667,0.240691,0,0.0666667,0.118506,0,0.0666667,0.271224,0,0.0666667,0.145343,0,0.0666667,0.1565,0,0.0666667,0.265081,0,0.0666667,0.144166,0,0.0666667,0.233515,0,0.0666667,0.187891,0.5,0.4,0
-1.25,7.5,2.05659,-2.99573,0.00236407,0.00236407,0.00236407,0.117528,True,empty floor,sound_similarity,0,0.0666667,0.240691,0,0.0666667,0.118506,0,0.0666667,0.271224,0,0.0666667,0.145343,0,0.0666667,0.1565,0,0.0666667,0.265081,0,0.0666667,0.144166,0,0.0666667,0.233515,0,0.0666667,0.187891,0.5,0.4,0
-0.75,7.5,1.7197,-2.99573,0.00236407,0.00236407,0.00236407,0.176292,False,tv,sound_similarity,0,0.1,0.240691,0,0.1,0.118506,0,0.1,0.271224,0,0.1,0.145343,0,0.1,0.1565,0,0.1,0.265081,0,0.1,0.144166,0,0.1,0.233515,0,0.1,0.187891,0,0.1,0
0.25,7.5,1.3831,-2.72873,0.00236407,0.00236407,0.00236407,0.117528,True,empty floor,sound_similarity,0,0.0666667,0.240691,0,0.0666667,0.118506,0,0.0666667,0.271224,0,0.0666667,0.145343,0,0.0666667,0.1565,0,0.0666667,0.265081,0,0.0666667,0.144166,0,0.0666667,0.233515,0,0.0666667,0.187891,0.5,0.4,0
-0.75,7.75,1.92648,-2.99573,0.00236407,0.00236407,0.00236407,0.176292,False,tv,sound_similarity,0,0.1,0.240691,0,0.1,0.118506,0,0.1,0.271224,0,0.1,0.145343,0,0.1,0.1565,0,0.1,0.265081,0,0.1,0.144166,0,0.1,0.233515,0,0.1,0.187891,0,0.1,0
1.75,7.75,2.20234,-0.50019,0.00236407,0.00236407,0.00236407,0.117528,True,empty floor,sound_similarity,0,0.0666667,0.240691,0,0.0666667,0.118506,0,0.0666667,0.271224,0,0.0666667,0.145343,0,0.0666667,0.1565,0,0.0666667,0.265081,0,0.0666667,0.144166,0,0.0666667,0.233515,0,0.0666667,0.187891,0.5,0.4,0
1.5,7.75,2.04301,-0.147669,0.00236407,0.00236407,0.00236407,0.117528,True,empty floor,sound_similarity,0,0.0666667,0.240691,0,0.0666667,0.118506,0,0.0666667,0.271224,0,0.0666667,0.145343,0,0.0666667,0.1565,0,0.0666667,0.265081,0,0.0666667,0.144166,0,0.0666667,0.233515,0,0.0666667,0.187891,0.5,0.4,0
1.25,7.75,1.90329,-2.13245e-05,0.00236407,0.00236407,0.00236407,0.117528,True,empty floor,sound_similarity,0,0.0666667,0.240691,0,0.0666667,0.118506,0,0.0666667,0.271224,0,0.0666667,0.145343,0,0.0666667,0.1565,0,0.0666667,0.265081,0,0.0666667,0.144166,0,0.0666667,0.233515,0,0.0666667,0.187891,0.5,0.4,0
1,7.75,1.78776,-0.184243,0.00236407,0.00236407,0.00236407,0.117528,True,empty floor,sound_similarity,0,0.0666667,0.240691,0,0.0666667,0.118506,0,0.0666667,0.271224,0,0.0666667,0.145343,0,0.0666667,0.1565,0,0.0666667,0.265081,0,0.0666667,0.144166,0,0.0666667,0.233515,0,0.0666667,0.187891,0.5,0.4,0
0.75,7.75,1.70138,-0.813508,0.00236407,0.00236407,0.00236407,0.117528,True,empty floor,sound_similarity,0,0.0666667,0.240691,0,0.0666667,0.118506,0,0.0666667,0.271224,0,0.0666667,0.145343,0,0.0666667,0.1565,0,0.0666667,0.265081,0,0.0666667,0.144166,0,0.0666667,0.233515,0,0.0666667,0.187891,0.5,0.4,0
0.5,7.75,1.64873,-1.84406,0.00236407,0.00236407,0.00236407,0.117528,True,empty floor,sound_similarity,0,0.0666667,0.240691,0,0.0666667,0.118506,0,0.0666667,0.271224,0,0.0666667,0.145343,0,0.0666667,0.1565,0,0.0666667,0.265081,0,0.0666667,0.144166,0,0.0666667,0.233515,0,0.0666667,0.187891,0.5,0.4,0
0.25,7.75,1.63307,-2.72028,0.00236407,0.00236407,0.00236407,0.117528,True,empty floor,sound_similarity,0,0.0666667,0.240691,0,0.0666667,0.118506,0,0.0666667,0.271224,0,0.0666667,0.145343,0,0.0666667,0.1565,0,0.0666667,0.265081,0,0.0666667,0.144166,0,0.0666667,0.233515,0,0.0666667,0.187891,0.5,0.4,0
0,7.75,1.65545,-2.96878,0.00236407,0.00236407,0.00236407,0.117528,True,empty floor,sound_similarity,0,0.0666667,0.240691,0,0.0666667,0.118506,0,0.0666667,0.271224,0,0.0666667,0.145343,0,0.0666667,0.1565,0,0.0666667,0.265081,0,0.0666667,0.144166,0,0.0666667,0.233515,0,0.0666667,0.187891,0.5,0.4,0
-0.25,7.75,1.71439,-2.99405,0.00236407,0.00236407,0.00236407,0.117528,True,empty floor,sound_similarity,0,0.0666667,0.240691,0,0.0666667,0.118506,0,0.0666667,0.271224,0,0.0666667,0.145343,0,0.0666667,0.1565,0,0.0666667,0.265081,0,0.0666667,0.144166,0,0.0666667,0.233515,0,0.0666667,0.187891,0.5,0.4,0
-0.5,7.75,1.8063,-2.99564,0.00236407,0.00236407,0.00236407,0.117528,True,empty floor,sound_similarity,0,0.0666667,0.240691,0,0.0666667,0.118506,0,0.0666667,0.271224,0,0.0666667,0.145343,0,0.0666667,0.1565,0,0.0666667,0.265081,0,0.0666667,0.144166,0,0.0666667,0.233515,0,0.0666667,0.187891,0.5,0.4,0
-1,7.75,2.07001,-2.99573,0.00236407,0.00236407,0.00236407,0.176292,False,tv,sound_similarity,0,0.1,0.240691,0,0.1,0.118506,0,0.1,0.271224,0,0.1,0.145343,0,0.1,0.1565,0,0.1,0.265081,0,0.1,0.144166,0,0.1,0.233515,0,0.1,0.187891,0,0.1,0
0.5,7.5,1.40155,-1.66164,0.00236407,0.00236407,0.00236407,0.117528,True,empty floor,sound_similarity,0,0.0666667,0.240691,0,0.0666667,0.118506,0,0.0666667,0.271224,0,0.0666667,0.145343,0,0.0666667,0.1565,0,0.0666667,0.265081,0,0.0666667,0.144166,0,0.0666667,0.233515,0,0.0666667,0.187891,0.5,0.4,0
-1.25,7.75,2.23238,-2.99573,0.00236407,0.00236407,0.00236407,0.117528,True,empty floor,sound_similarity,0,0.0666667,0.240691,0,0.0666667,0.118506,0,0.0666667,0.271224,0,0.0666667,0.145343,0,0.0666667,0.1565,0,0.0666667,0.265081,0,0.0666667,0.144166,0,0.0666667,0.233515,0,0.0666667,0.187891,0.5,0.4,0
-1.5,7.75,2.4098,-2.99573,0.00236407,0.00236407,0.00236407,0.117528,True,empty floor,sound_similarity,0,0.0666667,0.240691,0,0.0666667,0.118506,0,0.0666667,0.271224,0,0.0666667,0.145343,0,0.0666667,0.1565,0,0.0666667,0.265081,0,0.0666667,0.144166,0,0.0666667,0.233515,0,0.0666667,0.187891,0.5,0.4,0
-1.75,7.75,2.59918,-2.99573,0.00236407,0.00236407,0.00236407,0.117528,True,empty floor,sound_similarity,0,0.0666667,0.240691,0,0.0666667,0.118506,0,0.0666667,0.271224,0,0.0666667,0.145343,0,0.0666667,0.1565,0,0.0666667,0.265081,0,0.0666667,0.144166,0,0.0666667,0.233515,0,0.0666667,0.187891,0.5,0.4,0
-2.25,7.75,3.00466,-2.99573,0.00236407,0.00236407,0.00236407,0.117528,True,empty floor,sound_similarity,0,0.0666667,0.240691,0,0.0666667,0.118506,0,0.0666667,0.271224,0,0.0666667,0.145343,0,0.0666667,0.1565,0,0.0666667,0.265081,0,0.0666667,0.144166,0,0.0666667,0.233515,0,0.0666667,0.187891,0.5,0.4,0
2,7.5,2.21308,-1.53188,0.00236407,0.00236407,0.00236407,0.117528,True,empty floor,sound_similarity,0,0.0666667,0.240691,0,0.0666667,0.118506,0,0.0666667,0.271224,0,0.0666667,0.145343,0,0.0666667,0.1565,0,0.0666667,0.265081,0,0.0666667,0.144166,0,0.0666667,0.233515,0,0.0666667,0.187891,0.5,0.4,0
1.75,7.5,2.02394,-0.983695,0.00236407,0.00236407,0.00236407,0.117528,True,empty floor,sound_similarity,0,0.0666667,0.240691,0,0.0666667,0.118506,0,0.0666667,0.271224,0,0.0666667,0.145343,0,0.0666667,0.1565,0,0.0666667,0.265081,0,0.0666667,0.144166,0,0.0666667,0.233515,0,0.0666667,0.187891,0.5,0.4,0
1.5,7.5,1.84931,-0.453999,0.00236407,0.00236407,0.00236407,0.117528,True,empty floor,sound_similarity,0,0.0666667,0.240691,0,0.0666667,0.118506,0,0.0666667,0.271224,0,0.0666667,0.145343,0,0.0666667,0.1565,0,0.0666667,0.265081,0,0.0666667,0.144166,0,0.0666667,0.233515,0,0.0666667,0.187891,0.5,0.4,0
1.25,7.5,1.69368,-0.0778097,0.00236407,0.00236407,0.00236407,0.117528,True,empty floor,sound_similarity,0,0.0666667,0.240691,0,0.0666667,0.118506,0,0.0666667,0.271224,0,0.0666667,0.145343,0,0.0666667,0.1565,0,0.0666667,0.265081,0,0.0666667,0.144166,0,0.0666667,0.233515,0,0.0666667,0.187891,0.5,0.4,0
1,7.5,1.56274,-0.0378822,0.00236407,0.00236407,0.00236407,0.117528,True,empty floor,sound_similarity,0,0.0666667,0.240691,0,0.0666667,0.118506,0,0.0666667,0.271224,0,0.0666667,0.145343,0,0.0666667,0.1565,0,0.0666667,0.265081,0,0.0666667,0.144166,0,0.0666667,0.233515,0,0.0666667,0.187891,0.5,0.4,0
0.75,7.5,1.46313,-0.542096,0.00236407,0.00236407,0.00236407,0.117528,True,empty floor,sound_similarity,0,0.0666667,0.240691,0,0.0666667,0.118506,0,0.0666667,0.271224,0,0.0666667,0.145343,0,0.0666667,0.1565,0,0.0666667,0.265081,0,0.0666667,0.144166,0,0.0666667,0.233515,0,0.0666667,0.187891,0.5,0.4,0
1.75,7,1.72146,-2.46305,0.00236407,0.00236407,0.00236407,0.117528,True,empty floor,sound_similarity,0,0.0666667,0.240691,0,0.0666667,0.118506,0,0.0666667,0.271224,0,0.0666667,0.145343,0,0.0666667,0.1565,0,0.0666667,0.265081,0,0.0666667,0.144166,0,0.0666667,0.233515,0,0.0666667,0.187891,0.5,0.4,0
1.25,7,1.31743,-1.1037,0.00236407,0.00236407,0.00236407,0.117528,True,empty floor,sound_similarity,0,0.0666667,0.240691,0,0.0666667,0.118506,0,0.0666667,0.271224,0,0.0666667,0.145343,0,0.0666667,0.1565,0,0.0666667,0.265081,0,0.0666667,0.144166,0,0.0666667,0.233515,0,0.0666667,0.187891,0.5,0.4,0
1.5,6.25,1.23497,-2.99541,0.00236407,0.00236407,0.00236407,0.117528,True,empty floor,sound_similarity,0,0.0666667,0.240691,0,0.0666667,0.118506,0,0.0666667,0.271224,0,0.0666667,0.145343,0,0.0666667,0.1565,0,0.0666667,0.265081,0,0.0666667,0.144166,0,0.0666667,0.233515,0,0.0666667,0.187891,0.5,0.4,0
1,7,1.14421,-0.295949,0.00236407,0.00236407,0.00236407,0.117528,True,empty floor,sound_similarity,0,0.0666667,0.240691,0,0.0666667,0.118506,0,0.0666667,0.271224,0,0.0666667,0.145343,0,0.0666667,0.1565,0,0.0666667,0.265081,0,0.0666667,0.144166,0,0.0666667,0.233515,0,0.0666667,0.187891,0.5,0.4,0
-1.5,6.75,1.88184,-2.99573,0.00236407,0.00236407,0.00236407,0.117528,True,empty floor,sound_similarity,0,0.0666667,0.240691,0,0.0666667,0.118506,0,0.0666667,0.271224,0,0.0666667,0.145343,0,0.0666667,0.1565,0,0.0666667,0.265081,0,0.0666667,0.144166,0,0.0666667,0.233515,0,0.0666667,0.187891,0.5,0.4,0
-1.75,6.75,2.11894,-2.99573,0.00236407,0.00236407,0.00236407,0.117528,True,empty floor,sound_similarity,0,0.0666667,0.240691,0,0.0666667,0.118506,0,0.0666667,0.271224,0,0.0666667,0.145343,0,0.0666667,0.1565,0,0.0666667,0.265081,0,0.0666667,0.144166,0,0.0666667,0.233515,0,0.0666667,0.187891,0.5,0.4,0
-2.25,6.75,2.60041,-2.99573,0.00236407,0.00236407,0.00236407,0.117528,True,empty floor,sound_similarity,0,0.0666667,0.240691,0,0.0666667,0.118506,0,0.0666667,0.271224,0,0.0666667,0.145343,0,0.0666667,0.1565,0,0.0666667,0.265081,0,0.0666667,0.144166,0,0.0666667,0.233515,0,0.0666667,0.187891,0.5,0.4,0
2,6.5,1.76972,-2.99241,0.00236407,0.00236407,0.00236407,0.117528,True,empty floor,sound_similarity,0,0.0666667,0.240691,0,0.0666667,0.118506,0,0.0666667,0.271224,0,0.0666667,0.145343,0,0.0666667,0.1565,0,0.0666667,0.265081,0,0.0666667,0.144166,0,0.0666667,0.233515,0,0.0666667,0.187891,0.5,0.4,0
1.75,6.5,1.5266,-2.98906,0.00236407,0.00236407,0.00236407,0.117528,True,empty floor,sound_similarity,0,0.0666667,0.240691,0,0.0666667,0.118506,0,0.0666667,0.271224,0,0.0666667,0.145343,0,0.0666667,0.1565,0,0.0666667,0.265081,0,0.0666667,0.144166,0,0.0666667,0.233515,0,0.0666667,0.187891,0.5,0.4,0
1.5,6.5,1.28612,-2.97906,0.00236407,0.00236407,0.00236407,0.117528,True,empty floor,sound_similarity,0,0.0666667,0.240691,0,0.0666667,0.118506,0,0.0666667,0.271224,0,0.0666667,0.145343,0,0.0666667,0.1565,0,0.0666667,0.265081,0,0.0666667,0.144166,0,0.0666667,0.233515,0,0.0666667,0.187891,0.5,0.4,0
1.25,6.5,1.0501,-2.93859,0.00236407,0.00236407,0.00236407,0.117528,True,empty floor,sound_similarity,0,0.0666667,0.240691,0,0.0666667,0.118506,0,0.0666667,0.271224,0,0.0666667,0.145343,0,0.0666667,0.1565,0,0.0666667,0.265081,0,0.0666667,0.144166,0,0.0666667,0.233515,0,0.0666667,0.187891,0.5,0.4,0
1,6.5,0.822379,-2.70731,0.00236407,0.00236407,0.00236407,0.117528,True,empty floor,sound_similarity,0,0.0666667,0.240691,0,0.0666667,0.118506,0,0.0666667,0.271224,0,0.0666667,0.145343,0,0.0666667,0.1565,0,0.0666667,0.265081,0,0.0666667,0.144166,0,0.0666667,0.233515,0,0.0666667,0.187891,0.5,0.4,0
0.75,6.5,0.6123,-1.5272,0.00236407,0.00236407,0.00236407,0.117528,True,empty floor,sound_similarity,0,0.0666667,0.240691,0,0.0666667,0.118506,0,0.0666667,0.271224,0,0.0666667,0.145343,0,0.0666667,0.1565,0,0.0666667,0.265081,0,0.0666667,0.144166,0,0.0666667,0.233515,0,0.0666667,0.187891,0.5,0.4,0
0.5,6.5,0.445551,-3.39879e-05,0.00236407,0.00236407,0.00236407,0.117528,True,empty floor,sound_similarity,0,0.0666667,0.240691,0,0.0666667,0.118506,0,0.0666667,0.271224,0,0.0666667,0.145343,0,0.0666667,0.1565,0,0.0666667,0.265081,0,0.0666667,0.144166,0,0.0666667,0.233515,0,0.0666667,0.187891,0.5,0.4,0
0.25,6.5,0.383561,-2.84446,0.00236407,0.00236407,0.00236407,0.117528,True,empty floor,sound_similarity,0,0.0666667,0.240691,0,0.0666667,0.118506,0,0.0666667,0.271224,0,0.0666667,0.145343,0,0.0666667,0.1565,0,0.0666667,0.265081,0,0.0666667,0.144166,0,0.0666667,0.233515,0,0.0666667,0.187891,0.5,0.4,0
0,6.5,0.469812,-2.99573,0.00236407,0.00236407,0.00236407,0.117528,True,empty floor,sound_similarity,0,0.0666667,0.240691,0,0.0666667,0.118506,0,0.0666667,0.271224,0,0.0666667,0.145343,0,0.0666667,0.1565,0,0.0666667,0.265081,0,0.0666667,0.144166,0,0.0666667,0.233515,0,0.0666667,0.187891,0.5,0.4,0
-0.25,6.5,0.647555,-2.99573,0.00236407,0.00236407,0.00236407,0.117528,True,empty floor,sound_similarity,0,0.0666667,0.240691,0,0.0666667,0.118506,0,0.0666667,0.271224,0,0.0666667,0.145343,0,0.0666667,0.1565,0,0.0666667,0.265081,0,0.0666667,0.144166,0,0.0666667,0.233515,0,0.0666667,0.187891,0.5,0.4,0
-0.5,6.5,0.861935,-2.99573,0.00236407,0.00236407,0.00236407,0.117528,True,empty floor,sound_similarity,0,0.0666667,0.240691,0,0.0666667,0.118506,0,0.0666667,0.271224,0,0.0666667,0.145343,0,0.0666667,0.1565,0,0.0666667,0.265081,0,0.0666667,0.144166,0,0.0666667,0.233515,0,0.0666667,0.187891,0.5,0.4,0
-0.75,6.5,1.09157,-2.99573,0.00236407,0.00236407,0.00236407,0.117528,True,empty floor,sound_similarity,0,0.0666667,0.240691,0,0.0666667,0.118506,0,0.0666667,0.271224,0,0.0666667,0.145343,0,0.0666667,0.1565,0,0.0666667,0.265081,0,0.0666667,0.144166,0,0.0666667,0.233515,0,0.0666667,0.187891,0.5,0.4,0
-1,6.5,1.32859,-2.99573,0.00236407,0.00236407,0.00236407,0.117528,True,empty floor,sound_similarity,0,0.0666667,0.240691,0,0.0666667,0.118506,0,0.0666667,0.271224,0,0.0666667,0.145343,0,0.0666667,0.1565,0,0.0666667,0.265081,0,0.0666667,0.144166,0,0.0666667,0.233515,0,0.0666667,0.187891,0.5,0.4,0
-1.25,6.5,1.56963,-2.99573,0.00236407,0.00236407,0.00236407,0.117528,True,empty floor,sound_similarity,0,0.0666667,0.240691,0,0.0666667,0.118506,0,0.0666667,0.271224,0,0.0666667,0.145343,0,0.0666667,0.1565,0,0.0666667,0.265081,0,0.0666667,0.144166,0,0.0666667,0.233515,0,0.0666667,0.187891,0.5,0.4,0
-1.5,6.5,1.8131,-2.99573,0.00236407,0.00236407,0.00236407,0.117528,True,empty floor,sound_similarity,0,0.0666667,0.240691,0,0.0666667,0.118506,0,0.0666667,0.271224,0,0.0666667,0.145343,0,0.0666667,0.1565,0,0.0666667,0.265081,0,0.0666667,0.144166,0,0.0666667,0.233515,0,0.0666667,0.187891,0.5,0.4,0
-1.75,6.5,2.05814,-2.99573,0.00236407,0.00236407,0.00236407,0.117528,True,empty floor,sound_similarity,0,0.0666667,0.240691,0,0.0666667,0.118506,0,0.0666667,0.271224,0,0.0666667,0.145343,0,0.0666667,0.1565,0,0.0666667,0.265081,0,0.0666667,0.144166,0,0.0666667,0.233515,0,0.0666667,0.187891,0.5,0.4,0
-2,6.5,2.30425,-2.99573,0.00236407,0.00236407,0.00236407,0.117528,True,empty floor,sound_similarity,0,0.0666667,0.240691,0,0.0666667,0.118506,0,0.0666667,0.271224,0,0.0666667,0.145343,0,0.0666667,0.1565,0,0.0666667,0.265081,0,0.0666667,0.144166,0,0.0666667,0.233515,0,0.0666667,0.187891,0.5,0.4,0
-2.25,6.5,2.55111,-2.99573,0.00236407,0.00236407,0.00236407,0.117528,True,empty floor,sound_similarity,0,0.0666667,0.240691,0,0.0666667,0.118506,0,0.0666667,0.271224,0,0.0666667,0.145343,0,0.0666667,0.1565,0,0.0666667,0.265081,0,0.0666667,0.144166,0,0.0666667,0.233515,0,0.0666667,0.187891,0.5,0.4,0
2,6.25,1.7329,-2.99557,0.00236407,0.00236407,0.00236407,0.117528,True,empty floor,sound_similarity,0,0.0666667,0.240691,0,0.0666667,0.118506,0,0.0666667,0.271224,0,0.0666667,0.145343,0,0.0666667,0.1565,0,0.0666667,0.265081,0,0.0666667,0.144166,0,0.0666667,0.233515,0,0.0666667,0.187891,0.5,0.4,0
1.75,6.25,1.48376,-2.99551,0.00236407,0.00236407,0.00236407,0.117528,True,empty floor,sound_similarity,0,0.0666667,0.240691,0,0.0666667,0.118506,0,0.0666667,0.271224,0,0.0666667,0.145343,0,0.0666667,0.1565,0,0.0666667,0.265081,0,0.0666667,0.144166,0,0.0666667,0.233515,0,0.0666667,0.187891,0.5,0.4,0
-1.25,6.75,1.64855,-2.99573,0.00236407,0.00236407,0.00236407,0.117528,True,empty floor,sound_similarity,0,0.0666667,0.240691,0,0.0666667,0.118506,0,0.0666667,0.271224,0,0.0666667,0.145343,0,0.0666667,0.1565,0,0.0666667,0.265081,0,0.0666667,0.144166,0,0.0666667,0.233515,0,0.0666667,0.187891,0.5,0.4,0
-1,6.75,1.42095,-2.99573,0.00236407,0.00236407,0.00236407,0.117528,True,empty floor,sound_similarity,0,0.0666667,0.240691,0,0.0666667,0.118506,0,0.0666667,0.271224,0,0.0666667,0.145343,0,0.0666667,0.1565,0,0.0666667,0.265081,0,0.0666667,0.144166,0,0.0666667,0.233515,0,0.0666667,0.187891,0.5,0.4,0
-0.75,6.75,1.20229,-2.99573,0.00236407,0.00236407,0.00236407,0.117528,True,empty floor,sound_similarity,0,0.0666667,0.240691,0,0.0666667,0.118506,0,0.0666667,0.271224,0,0.0666667,0.145343,0,0.0666667,0.1565,0,0.0666667,0.265081,0,0.0666667,0.144166,0,0.0666667,0.233515,0,0.0666667,0.187891,0.5,0.4,0
-1.75,7,2.20655,-2.99573,0.00236407,0.00236407,0.00236407,0.117528,True,empty floor,sound_similarity,0,0.0666667,0.240691,0,0.0666667,0.118506,0,0.0666667,0.271224,0,0.0666667,0.145343,0,0.0666667,0.1565,0,0.0666667,0.265081,0,0.0666667,0.144166,0,0.0666667,0.233515,0,0.0666667,0.187891,0.5,0.4,0
0.75,7,1.00391,-0.023345,0.00236407,0.00236407,0.00236407,0.117528,True,empty floor,sound_similarity,0,0.0666667,0.240691,0,0.0666667,0.118506,0,0.0666667,0.271224,0,0.0666667,0.145343,0,0.0666667,0.1565,0,0.0666667,0.265081,0,0.0666667,0.144166,0,0.0666667,0.233515,0,0.0666667,0.187891,0.5,0.4,0
0.5,7,0.91183,-1.02013,0.00236407,0.00236407,0.00236407,0.117528,True,empty floor,sound_similarity,0,0.0666667,0.240691,0,0.0666667,0.118506,0,0.0666667,0.271224,0,0.0666667,0.145343,0,0.0666667,0.1565,0,0.0666667,0.265081,0,0.0666667,0.144166,0,0.0666667,0.233515,0,0.0666667,0.187891,0.5,0.4,0
0.25,7,0.883197,-2.75833,0.00236407,0.00236407,0.00236407,0.117528,True,empty floor,sound_similarity,0,0.0666667,0.240691,0,0.0666667,0.118506,0,0.0666667,0.271224,0,0.0666667,0.145343,0,0.0666667,0.1565,0,0.0666667,0.265081,0,0.0666667,0.144166,0,0.0666667,0.233515,0,0.0666667,0.187891,0.5,0.4,0
0,7,0.923927,-2.99364,0.00236407,0.00236407,0.00236407,0.117528,True,empty floor,sound_similarity,0,0.0666667,0.240691,0,0.0666667,0.118506,0,0.0666667,0.271224,0,0.0666667,0.145343,0,0.0666667,0.1565,0,0.0666667,0.265081,0,0.0666667,0.144166,0,0.0666667,0.233515,0,0.0666667,0.187891,0.5,0.4,0
-0.25,7,1.02579,-2.99572,0.00236407,0.00236407,0.00236407,0.117528,True,empty floor,sound_similarity,0,0.0666667,0.240691,0,0.0666667,0.118506,0,0.0666667,0.271224,0,0.0666667,0.145343,0,0.0666667,0.1565,0,0.0666667,0.265081,0,0.0666667,0.144166,0,0.0666667,0.233515,0,0.0666667,0.187891,0.5,0.4,0
-0.5,7,1.17297,-2.99573,0.00236407,0.00236407,0.00236407,0.117528,True,empty floor,sound_similarity,0,0.0666667,0.240691,0,0.0666667,0.118506,0,0.0666667,0.271224,0,0.0666667,0.145343,0,0.0666667,0.1565,0,0.0666667,0.265081,0,0.0666667,0.144166,0,0.0666667,0.233515,0,0.0666667,0.187891,0.5,0.4,0
-0.75,7,1.35072,-2.99573,0.00236407,0.00236407,0.00236407,0.117528,True,empty floor,sound_similarity,0,0.0666667,0.240691,0,0.0666667,0.118506,0,0.0666667,0.271224,0,0.0666667,0.145343,0,0.0666667,0.1565,0,0.0666667,0.265081,0,0.0666667,0.144166,0,0.0666667,0.233515,0,0.0666667,0.187891,0.5,0.4,0
-1,7,1.54857,-2.99573,0.00236407,0.00236407,0.00236407,0.117528,True,empty floor,sound_similarity,0,0.0666667,0.240691,0,0.0666667,0.118506,0,0.0666667,0.271224,0,0.0666667,0.145343,0,0.0666667,0.1565,0,0.0666667,0.265081,0,0.0666667,0.144166,0,0.0666667,0.233515,0,0.0666667,0.187891,0.5,0.4,0
-1.25,7,1.75973,-2.99573,0.00236407,0.00236407,0.00236407,0.117528,True,empty floor,sound_similarity,0,0.0666667,0.240691,0,0.0666667,0.118506,0,0.0666667,0.271224,0,0.0666667,0.145343,0,0.0666667,0.1565,0,0.0666667,0.265081,0,0.0666667,0.144166,0,0.0666667,0.233515,0,0.0666667,0.187891,0.5,0.4,0
-1.5,7,1.97997,-2.99573,0.00236407,0.00236407,0.00236407,0.117528,True,empty floor,sound_similarity,0,0.0666667,0.240691,0,0.0666667,0.118506,0,0.0666667,0.271224,0,0.0666667,0.145343,0,0.0666667,0.1565,0,0.0666667,0.265081,0,0.0666667,0.144166,0,0.0666667,0.233515,0,0.0666667,0.187891,0.5,0.4,0
-2,7,2.43772,-2.99573,0.00236407,0.00236407,0.00236407,0.117528,True,empty floor,sound_similarity,0,0.0666667,0.240691,0,0.0666667,0.118506,0,0.0666667,0.271224,0,0.0666667,0.145343,0,0.0666667,0.1565,0,0.0666667,0.265081,0,0.0666667,0.144166,0,0.0666667,0.233515,0,0.0666667,0.187891,0.5,0.4,0
-0.5,6.75,0.998444,-2.99573,0.00236407,0.00236407,0.00236407,0.117528,True,empty floor,sound_similarity,0,0.0666667,0.240691,0,0.0666667,0.118506,0,0.0666667,0.271224,0,0.0666667,0.145343,0,0.0666667,0.1565,0,0.0666667,0.265081,0,0.0666667,0.144166,0,0.0666667,0.233515,0,0.0666667,0.187891,0.5,0.4,0
-2.25,7,2.67228,-2.99573,0.00236407,0.00236407,0.00236407,0.117528,True,empty floor,sound_similarity,0,0.0666667,0.240691,0,0.0666667,0.118506,0,0.0666667,0.271224,0,0.0666667,0.145343,0,0.0666667,0.1565,0,0.0666667,0.265081,0,0.0666667,0.144166,0,0.0666667,0.233515,0,0.0666667,0.187891,0.5,0.4,0
2,6.75,1.84007,-2.95626,0.00236407,0.00236407,0.00236407,0.117528,True,empty floor,sound_similarity,0,0.0666667,0.240691,0,0.0666667,0.118506,0,0.0666667,0.271224,0,0.0666667,0.145343,0,0.0666667,0.1565,0,0.0666667,0.265081,0,0.0666667,0.144166,0,0.0666667,0.233515,0,0.0666667,0.187891,0.5,0.4,0
1.75,6.75,1.60762,-2.90146,0.00236407,0.00236407,0.00236407,0.117528,True,empty floor,sound_similarity,0,0.0666667,0.240691,0,0.0666667,0.118506,0,0.0666667,0.271224,0,0.0666667,0.145343,0,0.0666667,0.1565,0,0.0666667,0.265081,0,0.0666667,0.144166,0,0.0666667,0.233515,0,0.0666667,0.187891,0.5,0.4,0
1.5,6.75,1.38132,-2.73631,0.00236407,0.00236407,0.00236407,0.117528,True,empty floor,sound_similarity,0,0.0666667,0.240691,0,0.0666667,0.118506,0,0.0666667,0.271224,0,0.0666667,0.145343,0,0.0666667,0.1565,0,0.0666667,0.265081,0,0.0666667,0.144166,0,0.0666667,0.233515,0,0.0666667,0.187891,0.5,0.4,0
1,6.75,0.964503,-1.23435,0.00236407,0.00236407,0.00236407,0.117528,True,empty floor,sound_similarity,0,0.0666667,0.240691,0,0.0666667,0.118506,0,0.0666667,0.271224,0,0.0666667,0.145343,0,0.0666667,0.1565,0,0.0666667,0.265081,0,0.0666667,0.144166,0,0.0666667,0.233515,0,0.0666667,0.187891,0.5,0.4,0
0.75,6.75,0.793013,-0.153003,0.00236407,0.00236407,0.00236407,0.117528,True,empty floor,sound_similarity,0,0.0666667,0.240691,0,0.0666667,0.118506,0,0.0666667,0.271224,0,0.0666667,0.145343,0,0.0666667,0.1565,0,0.0666667,0.265081,0,0.0666667,0.144166,0,0.0666667,0.233515,0,0.0666667,0.187891,0.5,0.4,0
0.5,6.75,0.672662,-0.477991,0.00236407,0.00236407,0.00236407,0.117528,True,empty floor,sound_similarity,0,0.0666667,0.240691,0,0.0666667,0.118506,0,0.0666667,0.271224,0,0.0666667,0.145343,0,0.0666667,0.1565,0,0.0666667,0.265081,0,0.0666667,0.144166,0,0.0666667,0.233515,0,0.0666667,0.187891,0.5,0.4,0
0.25,6.75,0.633307,-2.7877,0.00236407,0.00236407,0.00236407,0.117528,True,empty floor,sound_similarity,0,0.0666667,0.240691,0,0.0666667,0.118506,0,0.0666667,0.271224,0,0.0666667,0.145343,0,0.0666667,0.1565,0,0.0666667,0.265081,0,0.0666667,0.144166,0,0.0666667,0.233515,0,0.0666667,0.187891,0.5,0.4,0
0,6.75,0.688972,-2.99552,0.00236407,0.00236407,0.00236407,0.117528,True,empty floor,sound_similarity,0,0.0666667,0.240691,0,0.0666667,0.118506,0,0.0666667,0.271224,0,0.0666667,0.145343,0,0.0666667,0.1565,0,0.0666667,0.265081,0,0.0666667,0.144166,0,0.0666667,0.233515,0,0.0666667,0.187891,0.5,0.4,0
-0.25,6.75,0.82054,-2.99573,0.00236407,0.00236407,0.00236407,0.117528,True,empty floor,sound_similarity,0,0.0666667,0.240691,0,0.0666667,0.118506,0,0.0666667,0.271224,0,0.0666667,0.145343,0,0.0666667,0.1565,0,0.0666667,0.265081,0,0.0666667,0.144166,0,0.0666667,0.233515,0,0.0666667,0.187891,0.5,0.4,0
0.75,4.75,1.44817,-2.99573,0.00236407,0.00236407,0.00236407,0.117528,True,empty floor,sound_similarity,0,0.0666667,0.240691,0,0.0666667,0.118506,0,0.0666667,0.271224,0,0.0666667,0.145343,0,0.0666667,0.1565,0,0.0666667,0.265081,0,0.0666667,0.144166,0,0.0666667,0.233515,0,0.0666667,0.187891,0.5,0.4,0
0.25,4.75,1.36726,-2.99573,0.00236407,0.00236407,0.00236407,0.117528,True,empty floor,sound_similarity,0,0.0666667,0.240691,0,0.0666667,0.118506,0,0.0666667,0.271224,0,0.0666667,0.145343,0,0.0666667,0.1565,0,0.0666667,0.265081,0,0.0666667,0.144166,0,0.0666667,0.233515,0,0.0666667,0.187891,0.5,0.4,0
-2,1.75,4.92284,-2.99573,0.00236407,0.00236407,0.00236407,0.117528,True,empty floor,sound_similarity,0,0.0666667,0.240691,0,0.0666667,0.118506,0,0.0666667,0.271224,0,0.0666667,0.145343,0,0.0666667,0.1565,0,0.0666667,0.265081,0,0.0666667,0.144166,0,0.0666667,0.233515,0,0.0666667,0.187891,0.5,0.4,0
-1.75,2.5,4.14398,-2.99573,0.00236407,0.00236407,0.00236407,0.117528,True,empty floor,sound_similarity,0,0.0666667,0.240691,0,0.0666667,0.118506,0,0.0666667,0.271224,0,0.0666667,0.145343,0,0.0666667,0.1565,0,0.0666667,0.265081,0,0.0666667,0.144166,0,0.0666667,0.233515,0,0.0666667,0.187891,0.5,0.4,0
0.25,2.75,3.36716,-2.99573,0.00236407,0.00236407,0.00236407,0.117528,True,empty floor,sound_similarity,0,0.0666667,0.240691,0,0.0666667,0.118506,0,0.0666667,0.271224,0,0.0666667,0.145343,0,0.0666667,0.1565,0,0.0666667,0.265081,0,0.0666667,0.144166,0,0.0666667,0.233515,0,0.0666667,0.187891,0.5,0.4,0
0,2.75,3.37807,-2.99573,0.00236407,0.00236407,0.00236407,0.117528,True,empty floor,sound_similarity,0,0.0666667,0.240691,0,0.0666667,0.118506,0,0.0666667,0.271224,0,0.0666667,0.145343,0,0.0666667,0.1565,0,0.0666667,0.265081,0,0.0666667,0.144166,0,0.0666667,0.233515,0,0.0666667,0.187891,0.5,0.4,0
-0.25,2.75,3.40734,-2.99573,0.00236407,0.00236407,0.00236407,0.117528,True,empty floor,sound_similarity,0,0.0666667,0.240691,0,0.0666667,0.118506,0,0.0666667,0.271224,0,0.0666667,0.145343,0,0.0666667,0.1565,0,0.0666667,0.265081,0,0.0666667,0.144166,0,0.0666667,0.233515,0,0.0666667,0.187891,0.5,0.4,0
-0.5,2.75,3.4545,-2.99573,0.00236407,0.00236407,0.00236407,0.117528,True,empty floor,sound_similarity,0,0.0666667,0.240691,0,0.0666667,0.118506,0,0.0666667,0.271224,0,0.0666667,0.145343,0,0.0666667,0.1565,0,0.0666667,0.265081,0,0.0666667,0.144166,0,0.0666667,0.233515,0,0.0666667,0.187891,0.5,0.4,0
-0.75,2.75,3.51883,-2.99573,0.00236407,0.00236407,0.00236407,0.117528,True,empty floor,sound_similarity,0,0.0666667,0.240691,0,0.0666667,0.118506,0,0.0666667,0.271224,0,0.0666667,0.145343,0,0.0666667,0.1565,0,0.0666667,0.265081,0,0.0666667,0.144166,0,0.0666667,0.233515,0,0.0666667,0.187891,0.5,0.4,0
-1,2.75,3.59941,-2.99573,0.00236407,0.00236407,0.00236407,0.117528,True,empty floor,sound_similarity,0,0.0666667,0.240691,0,0.0666667,0.118506,0,0.0666667,0.271224,0,0.0666667,0.145343,0,0.0666667,0.1565,0,0.0666667,0.265081,0,0.0666667,0.144166,0,0.0666667,0.233515,0,0.0666667,0.187891,0.5,0.4,0
-1.25,2.75,3.69518,-2.99573,0.00236407,0.00236407,0.00236407,0.117528,True,empty floor,sound_similarity,0,0.0666667,0.240691,0,0.0666667,0.118506,0,0.0666667,0.271224,0,0.0666667,0.145343,0,0.0666667,0.1565,0,0.0666667,0.265081,0,0.0666667,0.144166,0,0.0666667,0.233515,0,0.0666667,0.187891,0.5,0.4,0
-1.5,2.75,3.80499,-2.99573,0.00236407,0.00236407,0.00236407,0.117528,True,empty floor,sound_similarity,0,0.0666667,0.240691,0,0.0666667,0.118506,0,0.0666667,0.271224,0,0.0666667,0.145343,0,0.0666667,0.1565,0,0.0666667,0.265081,0,0.0666667,0.144166,0,0.0666667,0.233515,0,0.0666667,0.187891,0.5,0.4,0
-2,2.75,4.06204,-2.99573,0.00236407,0.00236407,0.00236407,0.117528,True,empty floor,sound_similarity,0,0.0666667,0.240691,0,0.0666667,0.118506,0,0.0666667,0.271224,0,0.0666667,0.145343,0,0.0666667,0.1565,0,0.0666667,0.265081,0,0.0666667,0.144166,0,0.0666667,0.233515,0,0.0666667,0.187891,0.5,0.4,0
-2.25,2.75,4.20699,-2.99573,0.00236407,0.00236407,0.00236407,0.117528,True,empty floor,sound_similarity,0,0.0666667,0.240691,0,0.0666667,0.118506,0,0.0666667,0.271224,0,0.0666667,0.145343,0,0.0666667,0.1565,0,0.0666667,0.265081,0,0.0666667,0.144166,0,0.0666667,0.233515,0,0.0666667,0.187891,0.5,0.4,0
2,2.5,4.00856,-2.99573,0.00236407,0.00236407,0.00236407,0.117528,True,empty floor,sound_similarity,0,0.0666667,0.240691,0,0.0666667,0.118506,0,0.0666667,0.271224,0,0.0666667,0.145343,0,0.0666667,0.1565,0,0.0666667,0.265081,0,0.0666667,0.144166,0,0.0666667,0.233515,0,0.0666667,0.187891,0.5,0.4,0
1.75,2.5,3.90732,-2.99573,0.00236407,0.00236407,0.00236407,0.117528,True,empty floor,sound_similarity,0,0.0666667,0.240691,0,0.0666667,0.118506,0,0.0666667,0.271224,0,0.0666667,0.145343,0,0.0666667,0.1565,0,0.0666667,0.265081,0,0.0666667,0.144166,0,0.0666667,0.233515,0,0.0666667,0.187891,0.5,0.4,0
1.5,2.5,3.81978,-2.99573,0.00236407,0.00236407,0.00236407,0.117528,True,empty floor,sound_similarity,0,0.0666667,0.240691,0,0.0666667,0.118506,0,0.0666667,0.271224,0,0.0666667,0.145343,0,0.0666667,0.1565,0,0.0666667,0.265081,0,0.0666667,0.144166,0,0.0666667,0.233515,0,0.0666667,0.187891,0.5,0.4,0
1.25,2.5,3.74691,-2.99573,0.00236407,0.00236407,0.00236407,0.117528,True,empty floor,sound_similarity,0,0.0666667,0.240691,0,0.0666667,0.118506,0,0.0666667,0.271224,0,0.0666667,0.145343,0,0.0666667,0.1565,0,0.0666667,0.265081,0,0.0666667,0.144166,0,0.0666667,0.233515,0,0.0666667,0.187891,0.5,0.4,0
1,2.5,3.68958,-2.99573,0.00236407,0.00236407,0.00236407,0.117528,True,empty floor,sound_similarity,0,0.0666667,0.240691,0,0.0666667,0.118506,0,0.0666667,0.271224,0,0.0666667,0.145343,0,0.0666667,0.1565,0,0.0666667,0.265081,0,0.0666667,0.144166,0,0.0666667,0.233515,0,0.0666667,0.187891,0.5,0.4,0
0.75,2.5,3.6485,-2.99573,0.00236407,0.00236407,0.00236407,0.117528,True,empty floor,sound_similarity,0,0.0666667,0.240691,0,0.0666667,0.118506,0,0.0666667,0.271224,0,0.0666667,0.145343,0,0.0666667,0.1565,0,0.0666667,0.265081,0,0.0666667,0.144166,0,0.0666667,0.233515,0,0.0666667,0.187891,0.5,0.4,0
0.5,2.5,3.62425,-2.99573,0.00236407,0.00236407,0.00236407,0.117528,True,empty floor,sound_similarity,0,0.0666667,0.240691,0,0.0666667,0.118506,0,0.0666667,0.271224,0,0.0666667,0.145343,0,0.0666667,0.1565,0,0.0666667,0.265081,0,0.0666667,0.144166,0,0.0666667,0.233515,0,0.0666667,0.187891,0.5,0.4,0
0.25,2.5,3.61715,-2.99573,0.00236407,0.00236407,0.00236407,0.117528,True,empty floor,sound_similarity,0,0.0666667,0.240691,0,0.0666667,0.118506,0,0.0666667,0.271224,0,0.0666667,0.145343,0,0.0666667,0.1565,0,0.0666667,0.265081,0,0.0666667,0.144166,0,0.0666667,0.233515,0,0.0666667,0.187891,0.5,0.4,0
0,2.5,3.62731,-2.99573,0.00236407,0.00236407,0.00236407,0.117528,True,empty floor,sound_similarity,0,0.0666667,0.240691,0,0.0666667,0.118506,0,0.0666667,0.271224,0,0.0666667,0.145343,0,0.0666667,0.1565,0,0.0666667,0.265081,0,0.0666667,0.144166,0,0.0666667,0.233515,0,0.0666667,0.187891,0.5,0.4,0
-0.25,2.5,3.65458,-2.99573,0.00236407,0.00236407,0.00236407,0.117528,True,empty floor,sound_similarity,0,0.0666667,0.240691,0,0.0666667,0.118506,0,0.0666667,0.271224,0,0.0666667,0.145343,0,0.0666667,0.1565,0,0.0666667,0.265081,0,0.0666667,0.144166,0,0.0666667,0.233515,0,0.0666667,0.187891,0.5,0.4,0
-0.5,2.5,3.69859,-2.99573,0.00236407,0.00236407,0.00236407,0.117528,True,empty floor,sound_similarity,0,0.0666667,0.240691,0,0.0666667,0.118506,0,0.0666667,0.271224,0,0.0666667,0.145343,0,0.0666667,0.1565,0,0.0666667,0.265081,0,0.0666667,0.144166,0,0.0666667,0.233515,0,0.0666667,0.187891,0.5,0.4,0
-0.75,2.5,3.75875,-2.99573,0.00236407,0.00236407,0.00236407,0.117528,True,empty floor,sound_similarity,0,0.0666667,0.240691,0,0.0666667,0.118506,0,0.0666667,0.271224,0,0.0666667,0.145343,0,0.0666667,0.1565,0,0.0666667,0.265081,0,0.0666667,0.144166,0,0.0666667,0.233515,0,0.0666667,0.187891,0.5,0.4,0
-1,2.5,3.83429,-2.99573,0.00236407,0.00236407,0.00236407,0.117528,True,empty floor,sound_similarity,0,0.0666667,0.240691,0,0.0666667,0.118506,0,0.0666667,0.271224,0,0.0666667,0.145343,0,0.0666667,0.1565,0,0.0666667,0.265081,0,0.0666667,0.144166,0,0.0666667,0.233515,0,0.0666667,0.187891,0.5,0.4,0
0.5,2.75,3.37478,-2.99573,0.00236407,0.00236407,0.00236407,0.117528,True,empty floor,sound_similarity,0,0.0666667,0.240691,0,0.0666667,0.118506,0,0.0666667,0.271224,0,0.0666667,0.145343,0,0.0666667,0.1565,0,0.0666667,0.265081,0,0.0666667,0.144166,0,0.0666667,0.233515,0,0.0666667,0.187891,0.5,0.4,0
1.5,2.75,3.58395,-2.99573,0.00236407,0.00236407,0.00236407,0.117528,True,empty floor,sound_similarity,0,0.0666667,0.240691,0,0.0666667,0.118506,0,0.0666667,0.271224,0,0.0666667,0.145343,0,0.0666667,0.1565,0,0.0666667,0.265081,0,0.0666667,0.144166,0,0.0666667,0.233515,0,0.0666667,0.187891,0.5,0.4,0
1.75,2.75,3.67711,-2.99573,0.00236407,0.00236407,0.00236407,0.117528,True,empty floor,sound_similarity,0,0.0666667,0.240691,0,0.0666667,0.118506,0,0.0666667,0.271224,0,0.0666667,0.145343,0,0.0666667,0.1565,0,0.0666667,0.265081,0,0.0666667,0.144166,0,0.0666667,0.233515,0,0.0666667,0.187891,0.5,0.4,0
0.75,3,3.15349,-2.99573,0.00236407,0.00236407,0.00236407,0.117528,True,empty floor,sound_similarity,0,0.0666667,0.240691,0,0.0666667,0.118506,0,0.0666667,0.271224,0,0.0666667,0.145343,0,0.0666667,0.1565,0,0.0666667,0.265081,0,0.0666667,0.144166,0,0.0666667,0.233515,0,0.0666667,0.187891,0.5,0.4,0
-1,3.25,3.13667,-2.99573,0.00236407,0.00236407,0.00236407,0.117528,True,empty floor,sound_similarity,0,0.0666667,0.240691,0,0.0666667,0.118506,0,0.0666667,0.271224,0,0.0666667,0.145343,0,0.0666667,0.1565,0,0.0666667,0.265081,0,0.0666667,0.144166,0,0.0666667,0.233515,0,0.0666667,0.187891,0.5,0.4,0
-1.25,3.25,3.24612,-2.99573,0.00236407,0.00236407,0.00236407,0.117528,True,empty floor,sound_similarity,0,0.0666667,0.240691,0,0.0666667,0.118506,0,0.0666667,0.271224,0,0.0666667,0.145343,0,0.0666667,0.1565,0,0.0666667,0.265081,0,0.0666667,0.144166,0,0.0666667,0.233515,0,0.0666667,0.187891,0.5,0.4,0
-1.5,3.25,3.37059,-2.99573,0.00236407,0.00236407,0.00236407,0.117528,True,empty floor,sound_similarity,0,0.0666667,0.240691,0,0.0666667,0.118506,0,0.0666667,0.271224,0,0.0666667,0.145343,0,0.0666667,0.1565,0,0.0666667,0.265081,0,0.0666667,0.144166,0,0.0666667,0.233515,0,0.0666667,0.187891,0.5,0.4,0
-2,3.25,3.65829,-2.99573,0.00236407,0.00236407,0.00236407,0.117528,True,empty floor,sound_similarity,0,0.0666667,0.240691,0,0.0666667,0.118506,0,0.0666667,0.271224,0,0.0666667,0.145343,0,0.0666667,0.1565,0,0.0666667,0.265081,0,0.0666667,0.144166,0,0.0666667,0.233515,0,0.0666667,0.187891,0.5,0.4,0
-2.25,3.25,3.8186,-2.99573,0.00236407,0.00236407,0.00236407,0.117528,True,empty floor,sound_similarity,0,0.0666667,0.240691,0,0.0666667,0.118506,0,0.0666667,0.271224,0,0.0666667,0.145343,0,0.0666667,0.1565,0,0.0666667,0.265081,0,0.0666667,0.144166,0,0.0666667,0.233515,0,0.0666667,0.187891,0.5,0.4,0
2,3,3.56391,-2.99573,0.00236407,0.00236407,0.00236407,0.117528,True,empty floor,sound_similarity,0,0.0666667,0.240691,0,0.0666667,0.118506,0,0.0666667,0.271224,0,0.0666667,0.145343,0,0.0666667,0.1565,0,0.0666667,0.265081,0,0.0666667,0.144166,0,0.0666667,0.233515,0,0.0666667,0.187891,0.5,0.4,0
1.75,3,3.44965,-2.99573,0.00236407,0.00236407,0.00236407,0.117528,True,empty floor,sound_similarity,0,0.0666667,0.240691,0,0.0666667,0.118506,0,0.0666667,0.271224,0,0.0666667,0.145343,0,0.0666667,0.1565,0,0.0666667,0.265081,0,0.0666667,0.144166,0,0.0666667,0.233515,0,0.0666667,0.187891,0.5,0.4,0
1.5,3,3.35018,-2.99573,0.00236407,0.00236407,0.00236407,0.117528,True,empty floor,sound_similarity,0,0.0666667,0.240691,0,0.0666667,0.118506,0,0.0666667,0.271224,0,0.0666667,0.145343,0,0.0666667,0.1565,0,0.0666667,0.265081,0,0.0666667,0.144166,0,0.0666667,0.233515,0,0.0666667,0.187891,0.5,0.4,0
1.25,3,3.26685,-2.99573,0.00236407,0.00236407,0.00236407,0.117528,True,empty floor,sound_similarity,0,0.0666667,0.240691,0,0.0666667,0.118506,0,0.0666667,0.271224,0,0.0666667,0.145343,0,0.0666667,0.1565,0,0.0666667,0.265081,0,0.0666667,0.144166,0,0.0666667,0.233515,0,0.0666667,0.187891,0.5,0.4,0
1,3,3.20092,-2.99573,0.00236407,0.00236407,0.00236407,0.117528,True,empty floor,sound_similarity,0,0.0666667,0.240691,0,0.0666667,0.118506,0,0.0666667,0.271224,0,0.0666667,0.145343,0,0.0666667,0.1565,0,0.0666667,0.265081,0,0.0666667,0.144166,0,0.0666667,0.233515,0,0.0666667,0.187891,0.5,0.4,0
0.5,3,3.12539,-2.99573,0.00236407,0.00236407,0.00236407,0.117528,True,empty floor,sound_similarity,0,0.0666667,0.240691,0,0.0666667,0.118506,0,0.0666667,0.271224,0,0.0666667,0.145343,0,0.0666667,0.1565,0,0.0666667,0.265081,0,0.0666667,0.144166,0,0.0666667,0.233515,0,0.0666667,0.187891,0.5,0.4,0
2,2.75,3.78451,-2.99573,0.00236407,0.00236407,0.00236407,0.117528,True,empty floor,sound_similarity,0,0.0666667,0.240691,0,0.0666667,0.118506,0,0.0666667,0.271224,0,0.0666667,0.145343,0,0.0666667,0.1565,0,0.0666667,0.265081,0,0.0666667,0.144166,0,0.0666667,0.233515,0,0.0666667,0.187891,0.5,0.4,0
0.25,3,3.11716,-2.99573,0.00236407,0.00236407,0.00236407,0.117528,True,empty floor,sound_similarity,0,0.0666667,0.240691,0,0.0666667,0.118506,0,0.0666667,0.271224,0,0.0666667,0.145343,0,0.0666667,0.1565,0,0.0666667,0.265081,0,0.0666667,0.144166,0,0.0666667,0.233515,0,0.0666667,0.187891,0.5,0.4,0
0,3,3.12895,-2.99573,0.00236407,0.00236407,0.00236407,0.117528,True,empty floor,sound_similarity,0,0.0666667,0.240691,0,0.0666667,0.118506,0,0.0666667,0.271224,0,0.0666667,0.145343,0,0.0666667,0.1565,0,0.0666667,0.265081,0,0.0666667,0.144166,0,0.0666667,0.233515,0,0.0666667,0.187891,0.5,0.4,0
-0.25,3,3.16052,-2.99573,0.00236407,0.00236407,0.00236407,0.117528,True,empty floor,sound_similarity,0,0.0666667,0.240691,0,0.0666667,0.118506,0,0.0666667,0.271224,0,0.0666667,0.145343,0,0.0666667,0.1565,0,0.0666667,0.265081,0,0.0666667,0.144166,0,0.0666667,0.233515,0,0.0666667,0.187891,0.5,0.4,0
-0.5,3,3.21131,-2.99573,0.00236407,0.00236407,0.00236407,0.117528,True,empty floor,sound_similarity,0,0.0666667,0.240691,0,0.0666667,0.118506,0,0.0666667,0.271224,0,0.0666667,0.145343,0,0.0666667,0.1565,0,0.0666667,0.265081,0,0.0666667,0.144166,0,0.0666667,0.233515,0,0.0666667,0.187891,0.5,0.4,0
-0.75,3,3.28041,-2.99573,0.00236407,0.00236407,0.00236407,0.117528,True,empty floor,sound_similarity,0,0.0666667,0.240691,0,0.0666667,0.118506,0,0.0666667,0.271224,0,0.0666667,0.145343,0,0.0666667,0.1565,0,0.0666667,0.265081,0,0.0666667,0.144166,0,0.0666667,0.233515,0,0.0666667,0.187891,0.5,0.4,0
-1,3,3.36671,-2.99573,0.00236407,0.00236407,0.00236407,0.117528,True,empty floor,sound_similarity,0,0.0666667,0.240691,0,0.0666667,0.118506,0,0.0666667,0.271224,0,0.0666667,0.145343,0,0.0666667,0.1565,0,0.0666667,0.265081,0,0.0666667,0.144166,0,0.0666667,0.233515,0,0.0666667,0.187891,0.5,0.4,0
-1.25,3,3.46891,-2.99573,0.00236407,0.00236407,0.00236407,0.117528,True,empty floor,sound_similarity,0,0.0666667,0.240691,0,0.0666667,0.118506,0,0.0666667,0.271224,0,0.0666667,0.145343,0,0.0666667,0.1565,0,0.0666667,0.265081,0,0.0666667,0.144166,0,0.0666667,0.233515,0,0.0666667,0.187891,0.5,0.4,0
-1.5,3,3.58566,-2.99573,0.00236407,0.00236407,0.00236407,0.117528,True,empty floor,sound_similarity,0,0.0666667,0.240691,0,0.0666667,0.118506,0,0.0666667,0.271224,0,0.0666667,0.145343,0,0.0666667,0.1565,0,0.0666667,0.265081,0,0.0666667,0.144166,0,0.0666667,0.233515,0,0.0666667,0.187891,0.5,0.4,0
-2,3,3.85735,-2.99573,0.00236407,0.00236407,0.00236407,0.117528,True,empty floor,sound_similarity,0,0.0666667,0.240691,0,0.0666667,0.118506,0,0.0666667,0.271224,0,0.0666667,0.145343,0,0.0666667,0.1565,0,0.0666667,0.265081,0,0.0666667,0.144166,0,0.0666667,0.233515,0,0.0666667,0.187891,0.5,0.4,0
-2.25,3,4.00971,-2.99573,0.00236407,0.00236407,0.00236407,0.117528,True,empty floor,sound_similarity,0,0.0666667,0.240691,0,0.0666667,0.118506,0,0.0666667,0.271224,0,0.0666667,0.145343,0,0.0666667,0.1565,0,0.0666667,0.265081,0,0.0666667,0.144166,0,0.0666667,0.233515,0,0.0666667,0.187891,0.5,0.4,0
-1.5,2.5,4.0279,-2.99573,0.00236407,0.00236407,0.00236407,0.117528,True,empty floor,sound_similarity,0,0.0666667,0.240691,0,0.0666667,0.118506,0,0.0666667,0.271224,0,0.0666667,0.145343,0,0.0666667,0.1565,0,0.0666667,0.265081,0,0.0666667,0.144166,0,0.0666667,0.233515,0,0.0666667,0.187891,0.5,0.4,0
-2,2.5,4.27156,-2.99573,0.00236407,0.00236407,0.00236407,0.117528,True,empty floor,sound_similarity,0,0.0666667,0.240691,0,0.0666667,0.118506,0,0.0666667,0.271224,0,0.0666667,0.145343,0,0.0666667,0.1565,0,0.0666667,0.265081,0,0.0666667,0.144166,0,0.0666667,0.233515,0,0.0666667,0.187891,0.5,0.4,0
-0.5,3.25,2.96925,-2.99573,0.00236407,0.00236407,0.00236407,0.117528,True,empty floor,sound_similarity,0,0.0666667,0.240691,0,0.0666667,0.118506,0,0.0666667,0.271224,0,0.0666667,0.145343,0,0.0666667,0.1565,0,0.0666667,0.265081,0,0.0666667,0.144166,0,0.0666667,0.233515,0,0.0666667,0.187891,0.5,0.4,0
-2.25,2.5,4.40963,-2.99573,0.00236407,0.00236407,0.00236407,0.117528,True,empty floor,sound_similarity,0,0.0666667,0.240691,0,0.0666667,0.118506,0,0.0666667,0.271224,0,0.0666667,0.145343,0,0.0666667,0.1565,0,0.0666667,0.265081,0,0.0666667,0.144166,0,0.0666667,0.233515,0,0.0666667,0.187891,0.5,0.4,0
-0.75,2,4.24208,-2.99573,0.00236407,0.00236407,0.00236407,0.117528,True,empty floor,sound_similarity,0,0.0666667,0.240691,0,0.0666667,0.118506,0,0.0666667,0.271224,0,0.0666667,0.145343,0,0.0666667,0.1565,0,0.0666667,0.265081,0,0.0666667,0.144166,0,0.0666667,0.233515,0,0.0666667,0.187891,0.5,0.4,0
-1,2,4.30916,-2.99573,0.00236407,0.00236407,0.00236407,0.117528,True,empty floor,sound_similarity,0,0.0666667,0.240691,0,0.0666667,0.118506,0,0.0666667,0.271224,0,0.0666667,0.145343,0,0.0666667,0.1565,0,0.0666667,0.265081,0,0.0666667,0.144166,0,0.0666667,0.233515,0,0.0666667,0.187891,0.5,0.4,0
-1.25,2,4.38947,-2.99573,0.00236407,0.00236407,0.00236407,0.117528,True,empty floor,sound_similarity,0,0.0666667,0.240691,0,0.0666667,0.118506,0,0.0666667,0.271224,0,0.0666667,0.145343,0,0.0666667,0.1565,0,0.0666667,0.265081,0,0.0666667,0.144166,0,0.0666667,0.233515,0,0.0666667,0.187891,0.5,0.4,0
-1.5,2,4.48231,-2.99573,0.00236407,0.00236407,0.00236407,0.117528,True,empty floor,sound_similarity,0,0.0666667,0.240691,0,0.0666667,0.118506,0,0.0666667,0.271224,0,0.0666667,0.145343,0,0.0666667,0.1565,0,0.0666667,0.265081,0,0.0666667,0.144166,0,0.0666667,0.233515,0,0.0666667,0.187891,0.5,0.4,0
-1.75,2,4.5869,-2.99573,0.00236407,0.00236407,0.00236407,0.117528,True,empty floor,sound_similarity,0,0.0666667,0.240691,0,0.0666667,0.118506,0,0.0666667,0.271224,0,0.0666667,0.145343,0,0.0666667,0.1565,0,0.0666667,0.265081,0,0.0666667,0.144166,0,0.0666667,0.233515,0,0.0666667,0.187891,0.5,0.4,0
-2,2,4.70248,-2.99573,0.00236407,0.00236407,0.00236407,0.117528,True,empty floor,sound_similarity,0,0.0666667,0.240691,0,0.0666667,0.118506,0,0.0666667,0.271224,0,0.0666667,0.145343,0,0.0666667,0.1565,0,0.0666667,0.265081,0,0.0666667,0.144166,0,0.0666667,0.233515,0,0.0666667,0.187891,0.5,0.4,0
-2.25,2,4.82824,-2.99573,0.00236407,0.00236407,0.00236407,0.117528,True,empty floor,sound_similarity,0,0.0666667,0.240691,0,0.0666667,0.118506,0,0.0666667,0.271224,0,0.0666667,0.145343,0,0.0666667,0.1565,0,0.0666667,0.265081,0,0.0666667,0.144166,0,0.0666667,0.233515,0,0.0666667,0.187891,0.5,0.4,0
2,1.75,4.69645,-2.99573,0.00236407,0.00236407,0.00236407,0.117528,True,empty floor,sound_similarity,0,0.0666667,0.240691,0,0.0666667,0.118506,0,0.0666667,0.271224,0,0.0666667,0.145343,0,0.0666667,0.1565,0,0.0666667,0.265081,0,0.0666667,0.144166,0,0.0666667,0.233515,0,0.0666667,0.187891,0.5,0.4,0
1.75,1.75,4.61034,-2.99573,0.00236407,0.00236407,0.00236407,0.117528,True,empty floor,sound_similarity,0,0.0666667,0.240691,0,0.0666667,0.118506,0,0.0666667,0.271224,0,0.0666667,0.145343,0,0.0666667,0.1565,0,0.0666667,0.265081,0,0.0666667,0.144166,0,0.0666667,0.233515,0,0.0666667,0.187891,0.5,0.4,0
1.5,1.75,4.5364,-2.99573,0.00236407,0.00236407,0.00236407,0.117528,True,empty floor,sound_similarity,0,0.0666667,0.240691,0,0.0666667,0.118506,0,0.0666667,0.271224,0,0.0666667,0.145343,0,0.0666667,0.1565,0,0.0666667,0.265081,0,0.0666667,0.144166,0,0.0666667,0.233515,0,0.0666667,0.187891,0.5,0.4,0
1.25,1.75,4.47521,-2.99573,0.00236407,0.00236407,0.00236407,0.117528,True,empty floor,sound_similarity,0,0.0666667,0.240691,0,0.0666667,0.118506,0,0.0666667,0.271224,0,0.0666667,0.145343,0,0.0666667,0.1565,0,0.0666667,0.265081,0,0.0666667,0.144166,0,0.0666667,0.233515,0,0.0666667,0.187891,0.5,0.4,0
1,1.75,4.42731,-2.99573,0.00236407,0.00236407,0.00236407,0.117528,True,empty floor,sound_similarity,0,0.0666667,0.240691,0,0.0666667,0.118506,0,0.0666667,0.271224,0,0.0666667,0.145343,0,0.0666667,0.1565,0,0.0666667,0.265081,0,0.0666667,0.144166,0,0.0666667,0.233515,0,0.0666667,0.187891,0.5,0.4,0
0.75,1.75,4.39314,-2.99573,0.00236407,0.00236407,0.00236407,0.117528,True,empty floor,sound_similarity,0,0.0666667,0.240691,0,0.0666667,0.118506,0,0.0666667,0.271224,0,0.0666667,0.145343,0,0.0666667,0.1565,0,0.0666667,0.265081,0,0.0666667,0.144166,0,0.0666667,0.233515,0,0.0666667,0.187891,0.5,0.4,0
0.5,1.75,4.37302,-2.99573,0.00236407,0.00236407,0.00236407,0.117528,True,empty floor,sound_similarity,0,0.0666667,0.240691,0,0.0666667,0.118506,0,0.0666667,0.271224,0,0.0666667,0.145343,0,0.0666667,0.1565,0,0.0666667,0.265081,0,0.0666667,0.144166,0,0.0666667,0.233515,0,0.0666667,0.187891,0.5,0.4,0
0.25,1.75,4.36714,-2.99573,0.00236407,0.00236407,0.00236407,0.117528,True,empty floor,sound_similarity,0,0.0666667,0.240691,0,0.0666667,0.118506,0,0.0666667,0.271224,0,0.0666667,0.145343,0,0.0666667,0.1565,0,0.0666667,0.265081,0,0.0666667,0.144166,0,0.0666667,0.233515,0,0.0666667,0.187891,0.5,0.4,0
0,1.75,4.37556,-2.99573,0.00236407,0.00236407,0.00236407,0.117528,True,empty floor,sound_similarity,0,0.0666667,0.240691,0,0.0666667,0.118506,0,0.0666667,0.271224,0,0.0666667,0.145343,0,0.0666667,0.1565,0,0.0666667,0.265081,0,0.0666667,0.144166,0,0.0666667,0.233515,0,0.0666667,0.187891,0.5,0.4,0
-0.25,1.75,4.39819,-2.99573,0.00236407,0.00236407,0.00236407,0.117528,True,empty floor,sound_similarity,0,0.0666667,0.240691,0,0.0666667,0.118506,0,0.0666667,0.271224,0,0.0666667,0.145343,0,0.0666667,0.1565,0,0.0666667,0.265081,0,0.0666667,0.144166,0,0.0666667,0.233515,0,0.0666667,0.187891,0.5,0.4,0
-0.5,1.75,4.43483,-2.99573,0.00236407,0.00236407,0.00236407,0.117528,True,empty floor,sound_similarity,0,0.0666667,0.240691,0,0.0666667,0.118506,0,0.0666667,0.271224,0,0.0666667,0.145343,0,0.0666667,0.1565,0,0.0666667,0.265081,0,0.0666667,0.144166,0,0.0666667,0.233515,0,0.0666667,0.187891,0.5,0.4,0
-0.75,1.75,4.48512,-2.99573,0.00236407,0.00236407,0.00236407,0.117528,True,empty floor,sound_similarity,0,0.0666667,0.240691,0,0.0666667,0.118506,0,0.0666667,0.271224,0,0.0666667,0.145343,0,0.0666667,0.1565,0,0.0666667,0.265081,0,0.0666667,0.144166,0,0.0666667,0.233515,0,0.0666667,0.187891,0.5,0.4,0
-1,1.75,4.54862,-2.99573,0.00236407,0.00236407,0.00236407,0.166396,True,microwave,sound_similarity,0,0.05,0.240691,0,0.05,0.118506,0,0.05,0.271224,0,0.05,0.145343,1,0.55,0.1565,0,0.05,0.265081,0,0.05,0.144166,0,0.05,0.233515,0,0.05,0.187891,0,0.05,0
-1.25,1.75,4.62477,-2.99573,0.00236407,0.00236407,0.00236407,0.117528,True,empty floor,sound_similarity,0,0.0666667,0.240691,0,0.0666667,0.118506,0,0.0666667,0.271224,0,0.0666667,0.145343,0,0.0666667,0.1565,0,0.0666667,0.265081,0,0.0666667,0.144166,0,0.0666667,0.233515,0,0.0666667,0.187891,0.5,0.4,0
-1.5,1.75,4.71297,-2.99573,0.00236407,0.00236407,0.00236407,0.117528,True,empty floor,sound_similarity,0,0.0666667,0.240691,0,0.0666667,0.118506,0,0.0666667,0.271224,0,0.0666667,0.145343,0,0.0666667,0.1565,0,0.0666667,0.265081,0,0.0666667,0.144166,0,0.0666667,0.233515,0,0.0666667,0.187891,0.5,0.4,0
-1.75,1.75,4.81256,-2.99573,0.00236407,0.00236407,0.00236407,0.117528,True,empty floor,sound_similarity,0,0.0666667,0.240691,0,0.0666667,0.118506,0,0.0666667,0.271224,0,0.0666667,0.145343,0,0.0666667,0.1565,0,0.0666667,0.265081,0,0.0666667,0.144166,0,0.0666667,0.233515,0,0.0666667,0.187891,0.5,0.4,0
-0.5,2,4.18887,-2.99573,0.00236407,0.00236407,0.00236407,0.117528,True,empty floor,sound_similarity,0,0.0666667,0.240691,0,0.0666667,0.118506,0,0.0666667,0.271224,0,0.0666667,0.145343,0,0.0666667,0.1565,0,0.0666667,0.265081,0,0.0666667,0.144166,0,0.0666667,0.233515,0,0.0666667,0.187891,0.5,0.4,0
-0.25,2,4.15007,-2.99573,0.00236407,0.00236407,0.00236407,0.117528,True,empty floor,sound_similarity,0,0.0666667,0.240691,0,0.0666667,0.118506,0,0.0666667,0.271224,0,0.0666667,0.145343,0,0.0666667,0.1565,0,0.0666667,0.265081,0,0.0666667,0.144166,0,0.0666667,0.233515,0,0.0666667,0.187891,0.5,0.4,0
0.75,2,4.14471,-2.99573,0.00236407,0.00236407,0.00236407,0.117528,True,empty floor,sound_similarity,0,0.0666667,0.240691,0,0.0666667,0.118506,0,0.0666667,0.271224,0,0.0666667,0.145343,0,0.0666667,0.1565,0,0.0666667,0.265081,0,0.0666667,0.144166,0,0.0666667,0.233515,0,0.0666667,0.187891,0.5,0.4,0
-0.5,2.25,3.94343,-2.99573,0.00236407,0.00236407,0.00236407,0.117528,True,empty floor,sound_similarity,0,0.0666667,0.240691,0,0.0666667,0.118506,0,0.0666667,0.271224,0,0.0666667,0.145343,0,0.0666667,0.1565,0,0.0666667,0.265081,0,0.0666667,0.144166,0,0.0666667,0.233515,0,0.0666667,0.187891,0.5,0.4,0
2,2.25,4.23552,-2.99573,0.00236407,0.00236407,0.00236407,0.117528,True,empty floor,sound_similarity,0,0.0666667,0.240691,0,0.0666667,0.118506,0,0.0666667,0.271224,0,0.0666667,0.145343,0,0.0666667,0.1565,0,0.0666667,0.265081,0,0.0666667,0.144166,0,0.0666667,0.233515,0,0.0666667,0.187891,0.5,0.4,0
1.75,2.25,4.13983,-2.99573,0.00236407,0.00236407,0.00236407,0.117528,True,empty floor,sound_similarity,0,0.0666667,0.240691,0,0.0666667,0.118506,0,0.0666667,0.271224,0,0.0666667,0.145343,0,0.0666667,0.1565,0,0.0666667,0.265081,0,0.0666667,0.144166,0,0.0666667,0.233515,0,0.0666667,0.187891,0.5,0.4,0
1.5,2.25,4.05731,-2.99573,0.00236407,0.00236407,0.00236407,0.117528,True,empty floor,sound_similarity,0,0.0666667,0.240691,0,0.0666667,0.118506,0,0.0666667,0.271224,0,0.0666667,0.145343,0,0.0666667,0.1565,0,0.0666667,0.265081,0,0.0666667,0.144166,0,0.0666667,0.233515,0,0.0666667,0.187891,0.5,0.4,0
1.25,2.25,3.98878,-2.99573,0.00236407,0.00236407,0.00236407,0.117528,True,empty floor,sound_similarity,0,0.0666667,0.240691,0,0.0666667,0.118506,0,0.0666667,0.271224,0,0.0666667,0.145343,0,0.0666667,0.1565,0,0.0666667,0.265081,0,0.0666667,0.144166,0,0.0666667,0.233515,0,0.0666667,0.187891,0.5,0.4,0
1,2.25,3.93497,-2.99573,0.00236407,0.00236407,0.00236407,0.117528,True,empty floor,sound_similarity,0,0.0666667,0.240691,0,0.0666667,0.118506,0,0.0666667,0.271224,0,0.0666667,0.145343,0,0.0666667,0.1565,0,0.0666667,0.265081,0,0.0666667,0.144166,0,0.0666667,0.233515,0,0.0666667,0.187891,0.5,0.4,0
0.75,2.25,3.89649,-2.99573,0.00236407,0.00236407,0.00236407,0.117528,True,empty floor,sound_similarity,0,0.0666667,0.240691,0,0.0666667,0.118506,0,0.0666667,0.271224,0,0.0666667,0.145343,0,0.0666667,0.1565,0,0.0666667,0.265081,0,0.0666667,0.144166,0,0.0666667,0.233515,0,0.0666667,0.187891,0.5,0.4,0
0.5,2.25,3.87379,-2.99573,0.00236407,0.00236407,0.00236407,0.117528,True,empty floor,sound_similarity,0,0.0666667,0.240691,0,0.0666667,0.118506,0,0.0666667,0.271224,0,0.0666667,0.145343,0,0.0666667,0.1565,0,0.0666667,0.265081,0,0.0666667,0.144166,0,0.0666667,0.233515,0,0.0666667,0.187891,0.5,0.4,0
0.25,2.25,3.86715,-2.99573,0.00236407,0.00236407,0.00236407,0.117528,True,empty floor,sound_similarity,0,0.0666667,0.240691,0,0.0666667,0.118506,0,0.0666667,0.271224,0,0.0666667,0.145343,0,0.0666667,0.1565,0,0.0666667,0.265081,0,0.0666667,0.144166,0,0.0666667,0.233515,0,0.0666667,0.187891,0.5,0.4,0
0,2.25,3.87665,-2.99573,0.00236407,0.00236407,0.00236407,0.117528,True,empty floor,sound_similarity,0,0.0666667,0.240691,0,0.0666667,0.118506,0,0.0666667,0.271224,0,0.0666667,0.145343,0,0.0666667,0.1565,0,0.0666667,0.265081,0,0.0666667,0.144166,0,0.0666667,0.233515,0,0.0666667,0.187891,0.5,0.4,0
-0.25,2.25,3.90218,-2.99573,0.00236407,0.00236407,0.00236407,0.117528,True,empty floor,sound_similarity,0,0.0666667,0.240691,0,0.0666667,0.118506,0,0.0666667,0.271224,0,0.0666667,0.145343,0,0.0666667,0.1565,0,0.0666667,0.265081,0,0.0666667,0.144166,0,0.0666667,0.233515,0,0.0666667,0.187891,0.5,0.4,0
-0.75,2.25,3.9999,-2.99573,0.00236407,0.00236407,0.00236407,0.117528,True,empty floor,sound_similarity,0,0.0666667,0.240691,0,0.0666667,0.118506,0,0.0666667,0.271224,0,0.0666667,0.145343,0,0.0666667,0.1565,0,0.0666667,0.265081,0,0.0666667,0.144166,0,0.0666667,0.233515,0,0.0666667,0.187891,0.5,0.4,0
1,2,4.18091,-2.99573,0.00236407,0.00236407,0.00236407,0.117528,True,empty floor,sound_similarity,0,0.0666667,0.240691,0,0.0666667,0.118506,0,0.0666667,0.271224,0,0.0666667,0.145343,0,0.0666667,0.1565,0,0.0666667,0.265081,0,0.0666667,0.144166,0,0.0666667,0.233515,0,0.0666667,0.187891,0.5,0.4,0
-1,2.25,4.07098,-2.99573,0.00236407,0.00236407,0.00236407,0.117528,True,empty floor,sound_similarity,0,0.0666667,0.240691,0,0.0666667,0.118506,0,0.0666667,0.271224,0,0.0666667,0.145343,0,0.0666667,0.1565,0,0.0666667,0.265081,0,0.0666667,0.144166,0,0.0666667,0.233515,0,0.0666667,0.187891,0.5,0.4,0
-1.25,2.25,4.15589,-2.99573,0.00236407,0.00236407,0.00236407,0.117528,True,empty floor,sound_similarity,0,0.0666667,0.240691,0,0.0666667,0.118506,0,0.0666667,0.271224,0,0.0666667,0.145343,0,0.0666667,0.1565,0,0.0666667,0.265081,0,0.0666667,0.144166,0,0.0666667,0.233515,0,0.0666667,0.187891,0.5,0.4,0
-1.5,2.25,4.25383,-2.99573,0.00236407,0.00236407,0.00236407,0.117528,True,empty floor,sound_similarity,0,0.0666667,0.240691,0,0.0666667,0.118506,0,0.0666667,0.271224,0,0.0666667,0.145343,0,0.0666667,0.1565,0,0.0666667,0.265081,0,0.0666667,0.144166,0,0.0666667,0.233515,0,0.0666667,0.187891,0.5,0.4,0
-1.75,2.25,4.3639,-2.99573,0.00236407,0.00236407,0.00236407,0.117528,True,empty floor,sound_similarity,0,0.0666667,0.240691,0,0.0666667,0.118506,0,0.0666667,0.271224,0,0.0666667,0.145343,0,0.0666667,0.1565,0,0.0666667,0.265081,0,0.0666667,0.144166,0,0.0666667,0.233515,0,0.0666667,0.187891,0.5,0.4,0
-2,2.25,4.48523,-2.99573,0.00236407,0.00236407,0.00236407,0.117528,True,empty floor,sound_similarity,0,0.0666667,0.240691,0,0.0666667,0.118506,0,0.0666667,0.271224,0,0.0666667,0.145343,0,0.0666667,0.1565,0,0.0666667,0.265081,0,0.0666667,0.144166,0,0.0666667,0.233515,0,0.0666667,0.187891,0.5,0.4,0
-2.25,2.25,4.61691,-2.99573,0.00236407,0.00236407,0.00236407,0.117528,True,empty floor,sound_similarity,0,0.0666667,0.240691,0,0.0666667,0.118506,0,0.0666667,0.271224,0,0.0666667,0.145343,0,0.0666667,0.1565,0,0.0666667,0.265081,0,0.0666667,0.144166,0,0.0666667,0.233515,0,0.0666667,0.187891,0.5,0.4,0
2,2,4.46493,-2.99573,0.00236407,0.00236407,0.00236407,0.117528,True,empty floor,sound_similarity,0,0.0666667,0.240691,0,0.0666667,0.118506,0,0.0666667,0.271224,0,0.0666667,0.145343,0,0.0666667,0.1565,0,0.0666667,0.265081,0,0.0666667,0.144166,0,0.0666667,0.233515,0,0.0666667,0.187891,0.5,0.4,0
1.75,2,4.37427,-2.99573,0.00236407,0.00236407,0.00236407,0.117528,True,empty floor,sound_similarity,0,0.0666667,0.240691,0,0.0666667,0.118506,0,0.0666667,0.271224,0,0.0666667,0.145343,0,0.0666667,0.1565,0,0.0666667,0.265081,0,0.0666667,0.144166,0,0.0666667,0.233515,0,0.0666667,0.187891,0.5,0.4,0
1.5,2,4.29626,-2.99573,0.00236407,0.00236407,0.00236407,0.117528,True,empty floor,sound_similarity,0,0.0666667,0.240691,0,0.0666667,0.118506,0,0.0666667,0.271224,0,0.0666667,0.145343,0,0.0666667,0.1565,0,0.0666667,0.265081,0,0.0666667,0.144166,0,0.0666667,0.233515,0,0.0666667,0.187891,0.5,0.4,0
1.25,2,4.2316,-2.99573,0.00236407,0.00236407,0.00236407,0.117528,True,empty floor,sound_similarity,0,0.0666667,0.240691,0,0.0666667,0.118506,0,0.0666667,0.271224,0,0.0666667,0.145343,0,0.0666667,0.1565,0,0.0666667,0.265081,0,0.0666667,0.144166,0,0.0666667,0.233515,0,0.0666667,0.187891,0.5,0.4,0
-0.75,3.25,3.04386,-2.99573,0.00236407,0.00236407,0.00236407,0.117528,True,empty floor,sound_similarity,0,0.0666667,0.240691,0,0.0666667,0.118506,0,0.0666667,0.271224,0,0.0666667,0.145343,0,0.0666667,0.1565,0,0.0666667,0.265081,0,0.0666667,0.144166,0,0.0666667,0.233515,0,0.0666667,0.187891,0.5,0.4,0
-0.25,3.25,2.91425,-2.99573,0.00236407,0.00236407,0.00236407,0.117528,True,empty floor,sound_similarity,0,0.0666667,0.240691,0,0.0666667,0.118506,0,0.0666667,0.271224,0,0.0666667,0.145343,0,0.0666667,0.1565,0,0.0666667,0.265081,0,0.0666667,0.144166,0,0.0666667,0.233515,0,0.0666667,0.187891,0.5,0.4,0
0,4.75,1.39392,-2.99573,0.00236407,0.00236407,0.00236407,0.117528,True,empty floor,sound_similarity,0,0.0666667,0.240691,0,0.0666667,0.118506,0,0.0666667,0.271224,0,0.0666667,0.145343,0,0.0666667,0.1565,0,0.0666667,0.265081,0,0.0666667,0.144166,0,0.0666667,0.233515,0,0.0666667,0.187891,0.5,0.4,0
0,4,2.13451,-2.99573,0.00236407,0.00236407,0.00236407,0.117528,True,empty floor,sound_similarity,0,0.0666667,0.240691,0,0.0666667,0.118506,0,0.0666667,0.271224,0,0.0666667,0.145343,0,0.0666667,0.1565,0,0.0666667,0.265081,0,0.0666667,0.144166,0,0.0666667,0.233515,0,0.0666667,0.187891,0.5,0.4,0
1.5,4.25,2.23461,-2.99573,0.00236407,0.00236407,0.00236407,0.117528,True,empty floor,sound_similarity,0,0.0666667,0.240691,0,0.0666667,0.118506,0,0.0666667,0.271224,0,0.0666667,0.145343,0,0.0666667,0.1565,0,0.0666667,0.265081,0,0.0666667,0.144166,0,0.0666667,0.233515,0,0.0666667,0.187891,0.5,0.4,0
1.25,4.25,2.10762,-2.99573,0.00236407,0.00236407,0.00236407,0.117528,True,empty floor,sound_similarity,0,0.0666667,0.240691,0,0.0666667,0.118506,0,0.0666667,0.271224,0,0.0666667,0.145343,0,0.0666667,0.1565,0,0.0666667,0.265081,0,0.0666667,0.144166,0,0.0666667,0.233515,0,0.0666667,0.187891,0.5,0.4,0
1,4.25,2.00392,-2.99573,0.00236407,0.00236407,0.00236407,0.117528,True,empty floor,sound_similarity,0,0.0666667,0.240691,0,0.0666667,0.118506,0,0.0666667,0.271224,0,0.0666667,0.145343,0,0.0666667,0.1565,0,0.0666667,0.265081,0,0.0666667,0.144166,0,0.0666667,0.233515,0,0.0666667,0.187891,0.5,0.4,0
0.75,4.25,1.92725,-2.99573,0.00236407,0.00236407,0.00236407,0.117528,True,empty floor,sound_similarity,0,0.0666667,0.240691,0,0.0666667,0.118506,0,0.0666667,0.271224,0,0.0666667,0.145343,0,0.0666667,0.1565,0,0.0666667,0.265081,0,0.0666667,0.144166,0,0.0666667,0.233515,0,0.0666667,0.187891,0.5,0.4,0
0.5,4.25,1.88093,-2.99573,0.00236407,0.00236407,0.00236407,0.117528,True,empty floor,sound_similarity,0,0.0666667,0.240691,0,0.0666667,0.118506,0,0.0666667,0.271224,0,0.0666667,0.145343,0,0.0666667,0.1565,0,0.0666667,0.265081,0,0.0666667,0.144166,0,0.0666667,0.233515,0,0.0666667,0.187891,0.5,0.4,0
0.25,4.25,1.86721,-2.99573,0.00236407,0.00236407,0.00236407,0.117528,True,empty floor,sound_similarity,0,0.0666667,0.240691,0,0.0666667,0.118506,0,0.0666667,0.271224,0,0.0666667,0.145343,0,0.0666667,0.1565,0,0.0666667,0.265081,0,0.0666667,0.144166,0,0.0666667,0.233515,0,0.0666667,0.187891,0.5,0.4,0
0,4.25,1.88682,-2.99573,0.00236407,0.00236407,0.00236407,0.117528,True,empty floor,sound_similarity,0,0.0666667,0.240691,0,0.0666667,0.118506,0,0.0666667,0.271224,0,0.0666667,0.145343,0,0.0666667,0.1565,0,0.0666667,0.265081,0,0.0666667,0.144166,0,0.0666667,0.233515,0,0.0666667,0.187891,0.5,0.4,0
-0.25,4.25,1.93874,-2.99573,0.00236407,0.00236407,0.00236407,0.117528,True,empty floor,sound_similarity,0,0.0666667,0.240691,0,0.0666667,0.118506,0,0.0666667,0.271224,0,0.0666667,0.145343,0,0.0666667,0.1565,0,0.0666667,0.265081,0,0.0666667,0.144166,0,0.0666667,0.233515,0,0.0666667,0.187891,0.5,0.4,0
-0.5,4.25,2.02047,-2.99573,0.00236407,0.00236407,0.00236407,0.117528,True,empty floor,sound_similarity,0,0.0666667,0.240691,0,0.0666667,0.118506,0,0.0666667,0.271224,0,0.0666667,0.145343,0,0.0666667,0.1565,0,0.0666667,0.265081,0,0.0666667,0.144166,0,0.0666667,0.233515,0,0.0666667,0.187891,0.5,0.4,0
-0.75,4.25,2.12859,-2.99573,0.00236407,0.00236407,0.00236407,0.117528,True,empty floor,sound_similarity,0,0.0666667,0.240691,0,0.0666667,0.118506,0,0.0666667,0.271224,0,0.0666667,0.145343,0,0.0666667,0.1565,0,0.0666667,0.265081,0,0.0666667,0.144166,0,0.0666667,0.233515,0,0.0666667,0.187891,0.5,0.4,0
-1,4.25,2.25932,-2.99573,0.00236407,0.00236407,0.00236407,0.117528,True,empty floor,sound_similarity,0,0.0666667,0.240691,0,0.0666667,0.118506,0,0.0666667,0.271224,0,0.0666667,0.145343,0,0.0666667,0.1565,0,0.0666667,0.265081,0,0.0666667,0.144166,0,0.0666667,0.233515,0,0.0666667,0.187891,0.5,0.4,0
-1.25,4.25,2.40897,-2.99573,0.00236407,0.00236407,0.00236407,0.117528,True,empty floor,sound_similarity,0,0.0666667,0.240691,0,0.0666667,0.118506,0,0.0666667,0.271224,0,0.0666667,0.145343,0,0.0666667,0.1565,0,0.0666667,0.265081,0,0.0666667,0.144166,0,0.0666667,0.233515,0,0.0666667,0.187891,0.5,0.4,0
-1.5,4.25,2.57424,-2.99573,0.00236407,0.00236407,0.00236407,0.117528,True,empty floor,sound_similarity,0,0.0666667,0.240691,0,0.0666667,0.118506,0,0.0666667,0.271224,0,0.0666667,0.145343,0,0.0666667,0.1565,0,0.0666667,0.265081,0,0.0666667,0.144166,0,0.0666667,0.233515,0,0.0666667,0.187891,0.5,0.4,0
-1.75,4.25,2.75233,-2.99573,0.00236407,0.00236407,0.00236407,0.117528,True,empty floor,sound_similarity,0,0.0666667,0.240691,0,0.0666667,0.118506,0,0.0666667,0.271224,0,0.0666667,0.145343,0,0.0666667,0.1565,0,0.0666667,0.265081,0,0.0666667,0.144166,0,0.0666667,0.233515,0,0.0666667,0.187891,0.5,0.4,0
-2,4.25,2.94091,-2.99573,0.00236407,0.00236407,0.00236407,0.117528,True,empty floor,sound_similarity,0,0.0666667,0.240691,0,0.0666667,0.118506,0,0.0666667,0.271224,0,0.0666667,0.145343,0,0.0666667,0.1565,0,0.0666667,0.265081,0,0.0666667,0.144166,0,0.0666667,0.233515,0,0.0666667,0.187891,0.5,0.4,0
-2.25,4.25,3.13808,-2.99573,0.00236407,0.00236407,0.00236407,0.117528,True,empty floor,sound_similarity,0,0.0666667,0.240691,0,0.0666667,0.118506,0,0.0666667,0.271224,0,0.0666667,0.145343,0,0.0666667,0.1565,0,0.0666667,0.265081,0,0.0666667,0.144166,0,0.0666667,0.233515,0,0.0666667,0.187891,0.5,0.4,0
2,4,2.73264,-2.99573,0.00236407,0.00236407,0.00236407,0.117528,True,empty floor,sound_similarity,0,0.0666667,0.240691,0,0.0666667,0.118506,0,0.0666667,0.271224,0,0.0666667,0.145343,0,0.0666667,0.1565,0,0.0666667,0.265081,0,0.0666667,0.144166,0,0.0666667,0.233515,0,0.0666667,0.187891,0.5,0.4,0
1.75,4,2.58184,-2.99573,0.00236407,0.00236407,0.00236407,0.117528,True,empty floor,sound_similarity,0,0.0666667,0.240691,0,0.0666667,0.118506,0,0.0666667,0.271224,0,0.0666667,0.145343,0,0.0666667,0.1565,0,0.0666667,0.265081,0,0.0666667,0.144166,0,0.0666667,0.233515,0,0.0666667,0.187891,0.5,0.4,0
1.5,4,2.44735,-2.99573,0.00236407,0.00236407,0.00236407,0.117528,True,empty floor,sound_similarity,0,0.0666667,0.240691,0,0.0666667,0.118506,0,0.0666667,0.271224,0,0.0666667,0.145343,0,0.0666667,0.1565,0,0.0666667,0.265081,0,0.0666667,0.144166,0,0.0666667,0.233515,0,0.0666667,0.187891,0.5,0.4,0
1.25,4,2.33198,-2.99573,0.00236407,0.00236407,0.00236407,0.117528,True,empty floor,sound_similarity,0,0.0666667,0.240691,0,0.0666667,0.118506,0,0.0666667,0.271224,0,0.0666667,0.145343,0,0.0666667,0.1565,0,0.0666667,0.265081,0,0.0666667,0.144166,0,0.0666667,0.233515,0,0.0666667,0.187891,0.5,0.4,0
1,4,2.23869,-2.99573,0.00236407,0.00236407,0.00236407,0.117528,True,empty floor,sound_similarity,0,0.0666667,0.240691,0,0.0666667,0.118506,0,0.0666667,0.271224,0,0.0666667,0.145343,0,0.0666667,0.1565,0,0.0666667,0.265081,0,0.0666667,0.144166,0,0.0666667,0.233515,0,0.0666667,0.187891,0.5,0.4,0
0.75,4,2.17033,-2.99573,0.00236407,0.00236407,0.00236407,0.117528,True,empty floor,sound_similarity,0,0.0666667,0.240691,0,0.0666667,0.118506,0,0.0666667,0.271224,0,0.0666667,0.145343,0,0.0666667,0.1565,0,0.0666667,0.265081,0,0.0666667,0.144166,0,0.0666667,0.233515,0,0.0666667,0.187891,0.5,0.4,0
0.5,4,2.1293,-2.99573,0.00236407,0.00236407,0.00236407,0.0881459,True,empty floor,sound_similarity,0,0.05,0.240691,0,0.05,0.118506,0,0.05,0.271224,0,0.05,0.145343,0,0.05,0.1565,0,0.05,0.265081,0,0.05,0.144166,0,0.05,0.233515,0,0.05,0.187891,1,0.55,0
2,4.25,2.54387,-2.99573,0.00236407,0.00236407,0.00236407,0.117528,True,empty floor,sound_similarity,0,0.0666667,0.240691,0,0.0666667,0.118506,0,0.0666667,0.271224,0,0.0666667,0.145343,0,0.0666667,0.1565,0,0.0666667,0.265081,0,0.0666667,0.144166,0,0.0666667,0.233515,0,0.0666667,0.187891,0.5,0.4,0
-2.25,4.5,2.99608,-2.99573,0.00236407,0.00236407,0.00236407,0.117528,True,empty floor,sound_similarity,0,0.0666667,0.240691,0,0.0666667,0.118506,0,0.0666667,0.271224,0,0.0666667,0.145343,0,0.0666667,0.1565,0,0.0666667,0.265081,0,0.0666667,0.144166,0,0.0666667,0.233515,0,0.0666667,0.187891,0.5,0.4,0
-2,4.5,2.78889,-2.99573,0.00236407,0.00236407,0.00236407,0.117528,True,empty floor,sound_similarity,0,0.0666667,0.240691,0,0.0666667,0.118506,0,0.0666667,0.271224,0,0.0666667,0.145343,0,0.0666667,0.1565,0,0.0666667,0.265081,0,0.0666667,0.144166,0,0.0666667,0.233515,0,0.0666667,0.187891,0.5,0.4,0
1.5,4.5,2.03038,-2.99573,0.00236407,0.00236407,0.00236407,0.117528,True,empty floor,sound_similarity,0,0.0666667,0.240691,0,0.0666667,0.118506,0,0.0666667,0.271224,0,0.0666667,0.145343,0,0.0666667,0.1565,0,0.0666667,0.265081,0,0.0666667,0.144166,0,0.0666667,0.233515,0,0.0666667,0.187891,0.5,0.4,0
-0.25,4.75,1.46343,-2.99573,0.00236407,0.00236407,0.00236407,0.117528,True,empty floor,sound_similarity,0,0.0666667,0.240691,0,0.0666667,0.118506,0,0.0666667,0.271224,0,0.0666667,0.145343,0,0.0666667,0.1565,0,0.0666667,0.265081,0,0.0666667,0.144166,0,0.0666667,0.233515,0,0.0666667,0.187891,0.5,0.4,0
-0.5,4.75,1.5701,-2.99573,0.00236407,0.00236407,0.00236407,0.117528,True,empty floor,sound_similarity,0,0.0666667,0.240691,0,0.0666667,0.118506,0,0.0666667,0.271224,0,0.0666667,0.145343,0,0.0666667,0.1565,0,0.0666667,0.265081,0,0.0666667,0.144166,0,0.0666667,0.233515,0,0.0666667,0.187891,0.5,0.4,0
-0.75,4.75,1.70699,-2.99573,0.00236407,0.00236407,0.00236407,0.117528,True,empty floor,sound_similarity,0,0.0666667,0.240691,0,0.0666667,0.118506,0,0.0666667,0.271224,0,0.0666667,0.145343,0,0.0666667,0.1565,0,0.0666667,0.265081,0,0.0666667,0.144166,0,0.0666667,0.233515,0,0.0666667,0.187891,0.5,0.4,0
-1,4.75,1.86747,-2.99573,0.00236407,0.00236407,0.00236407,0.117528,True,empty floor,sound_similarity,0,0.0666667,0.240691,0,0.0666667,0.118506,0,0.0666667,0.271224,0,0.0666667,0.145343,0,0.0666667,0.1565,0,0.0666667,0.265081,0,0.0666667,0.144166,0,0.0666667,0.233515,0,0.0666667,0.187891,0.5,0.4,0
-1.25,4.75,2.04598,-2.99573,0.00236407,0.00236407,0.00236407,0.117528,True,empty floor,sound_similarity,0,0.0666667,0.240691,0,0.0666667,0.118506,0,0.0666667,0.271224,0,0.0666667,0.145343,0,0.0666667,0.1565,0,0.0666667,0.265081,0,0.0666667,0.144166,0,0.0666667,0.233515,0,0.0666667,0.187891,0.5,0.4,0
-1.5,4.75,2.23822,-2.99573,0.00236407,0.00236407,0.00236407,0.117528,True,empty floor,sound_similarity,0,0.0666667,0.240691,0,0.0666667,0.118506,0,0.0666667,0.271224,0,0.0666667,0.145343,0,0.0666667,0.1565,0,0.0666667,0.265081,0,0.0666667,0.144166,0,0.0666667,0.233515,0,0.0666667,0.187891,0.5,0.4,0
-1.75,4.75,2.44095,-2.99573,0.00236407,0.00236407,0.00236407,0.117528,True,empty floor,sound_similarity,0,0.0666667,0.240691,0,0.0666667,0.118506,0,0.0666667,0.271224,0,0.0666667,0.145343,0,0.0666667,0.1565,0,0.0666667,0.265081,0,0.0666667,0.144166,0,0.0666667,0.233515,0,0.0666667,0.187891,0.5,0.4,0
-2,4.75,2.65176,-2.99573,0.00236407,0.00236407,0.00236407,0.117528,True,empty floor,sound_similarity,0,0.0666667,0.240691,0,0.0666667,0.118506,0,0.0666667,0.271224,0,0.0666667,0.145343,0,0.0666667,0.1565,0,0.0666667,0.265081,0,0.0666667,0.144166,0,0.0666667,0.233515,0,0.0666667,0.187891,0.5,0.4,0
-2.25,4.75,2.86888,-2.99573,0.00236407,0.00236407,0.00236407,0.117528,True,empty floor,sound_similarity,0,0.0666667,0.240691,0,0.0666667,0.118506,0,0.0666667,0.271224,0,0.0666667,0.145343,0,0.0666667,0.1565,0,0.0666667,0.265081,0,0.0666667,0.144166,0,0.0666667,0.233515,0,0.0666667,0.187891,0.5,0.4,0
2,4.5,2.36648,-2.99573,0.00236407,0.00236407,0.00236407,0.117528,True,empty floor,sound_similarity,0,0.0666667,0.240691,0,0.0666667,0.118506,0,0.0666667,0.271224,0,0.0666667,0.145343,0,0.0666667,0.1565,0,0.0666667,0.265081,0,0.0666667,0.144166,0,0.0666667,0.233515,0,0.0666667,0.187891,0.5,0.4,0
1.25,4.5,1.88972,-2.99573,0.00236407,0.00236407,0.00236407,0.117528,True,empty floor,sound_similarity,0,0.0666667,0.240691,0,0.0666667,0.118506,0,0.0666667,0.271224,0,0.0666667,0.145343,0,0.0666667,0.1565,0,0.0666667,0.265081,0,0.0666667,0.144166,0,0.0666667,0.233515,0,0.0666667,0.187891,0.5,0.4,0
-1.75,4.5,2.58926,-2.99573,0.00236407,0.00236407,0.00236407,0.117528,True,empty floor,sound_similarity,0,0.0666667,0.240691,0,0.0666667,0.118506,0,0.0666667,0.271224,0,0.0666667,0.145343,0,0.0666667,0.1565,0,0.0666667,0.265081,0,0.0666667,0.144166,0,0.0666667,0.233515,0,0.0666667,0.187891,0.5,0.4,0
1,4.5,1.77331,-2.99573,0.00236407,0.00236407,0.00236407,0.117528,True,empty floor,sound_similarity,0,0.0666667,0.240691,0,0.0666667,0.118506,0,0.0666667,0.271224,0,0.0666667,0.145343,0,0.0666667,0.1565,0,0.0666667,0.265081,0,0.0666667,0.144166,0,0.0666667,0.233515,0,0.0666667,0.187891,0.5,0.4,0
0.5,4.5,1.63305,-2.99573,0.00236407,0.00236407,0.00236407,0.117528,True,empty floor,sound_similarity,0,0.0666667,0.240691,0,0.0666667,0.118506,0,0.0666667,0.271224,0,0.0666667,0.145343,0,0.0666667,0.1565,0,0.0666667,0.265081,0,0.0666667,0.144166,0,0.0666667,0.233515,0,0.0666667,0.187891,0.5,0.4,0
0.25,4.5,1.61723,-2.99573,0.00236407,0.00236407,0.00236407,0.117528,True,empty floor,sound_similarity,0,0.0666667,0.240691,0,0.0666667,0.118506,0,0.0666667,0.271224,0,0.0666667,0.145343,0,0.0666667,0.1565,0,0.0666667,0.265081,0,0.0666667,0.144166,0,0.0666667,0.233515,0,0.0666667,0.187891,0.5,0.4,0
0,4.5,1.63983,-2.99573,0.00236407,0.00236407,0.00236407,0.117528,True,empty floor,sound_similarity,0,0.0666667,0.240691,0,0.0666667,0.118506,0,0.0666667,0.271224,0,0.0666667,0.145343,0,0.0666667,0.1565,0,0.0666667,0.265081,0,0.0666667,0.144166,0,0.0666667,0.233515,0,0.0666667,0.187891,0.5,0.4,0
-0.25,4.5,1.69931,-2.99573,0.00236407,0.00236407,0.00236407,0.117528,True,empty floor,sound_similarity,0,0.0666667,0.240691,0,0.0666667,0.118506,0,0.0666667,0.271224,0,0.0666667,0.145343,0,0.0666667,0.1565,0,0.0666667,0.265081,0,0.0666667,0.144166,0,0.0666667,0.233515,0,0.0666667,0.187891,0.5,0.4,0
-0.5,4.5,1.792,-2.99573,0.00236407,0.00236407,0.00236407,0.117528,True,empty floor,sound_similarity,0,0.0666667,0.240691,0,0.0666667,0.118506,0,0.0666667,0.271224,0,0.0666667,0.145343,0,0.0666667,0.1565,0,0.0666667,0.265081,0,0.0666667,0.144166,0,0.0666667,0.233515,0,0.0666667,0.187891,0.5,0.4,0
-0.75,4.5,1.91308,-2.99573,0.00236407,0.00236407,0.00236407,0.117528,True,empty floor,sound_similarity,0,0.0666667,0.240691,0,0.0666667,0.118506,0,0.0666667,0.271224,0,0.0666667,0.145343,0,0.0666667,0.1565,0,0.0666667,0.265081,0,0.0666667,0.144166,0,0.0666667,0.233515,0,0.0666667,0.187891,0.5,0.4,0
-1,4.5,2.05754,-2.99573,0.00236407,0.00236407,0.00236407,0.117528,True,empty floor,sound_similarity,0,0.0666667,0.240691,0,0.0666667,0.118506,0,0.0666667,0.271224,0,0.0666667,0.145343,0,0.0666667,0.1565,0,0.0666667,0.265081,0,0.0666667,0.144166,0,0.0666667,0.233515,0,0.0666667,0.187891,0.5,0.4,0
-1.25,4.5,2.22083,-2.99573,0.00236407,0.00236407,0.00236407,0.117528,True,empty floor,sound_similarity,0,0.0666667,0.240691,0,0.0666667,0.118506,0,0.0666667,0.271224,0,0.0666667,0.145343,0,0.0666667,0.1565,0,0.0666667,0.265081,0,0.0666667,0.144166,0,0.0666667,0.233515,0,0.0666667,0.187891,0.5,0.4,0
-1.5,4.5,2.3991,-2.99573,0.00236407,0.00236407,0.00236407,0.117528,True,empty floor,sound_similarity,0,0.0666667,0.240691,0,0.0666667,0.118506,0,0.0666667,0.271224,0,0.0666667,0.145343,0,0.0666667,0.1565,0,0.0666667,0.265081,0,0.0666667,0.144166,0,0.0666667,0.233515,0,0.0666667,0.187891,0.5,0.4,0
0.25,4,2.1172,-2.99573,0.00236407,0.00236407,0.00236407,0.117528,True,empty floor,sound_similarity,0,0.0666667,0.240691,0,0.0666667,0.118506,0,0.0666667,0.271224,0,0.0666667,0.145343,0,0.0666667,0.1565,0,0.0666667,0.265081,0,0.0666667,0.144166,0,0.0666667,0.233515,0,0.0666667,0.187891,0.5,0.4,0
-0.25,4,2.18054,-2.99573,0.00236407,0.00236407,0.00236407,0.117528,True,empty floor,sound_similarity,0,0.0666667,0.240691,0,0.0666667,0.118506,0,0.0666667,0.271224,0,0.0666667,0.145343,0,0.0666667,0.1565,0,0.0666667,0.265081,0,0.0666667,0.144166,0,0.0666667,0.233515,0,0.0666667,0.187891,0.5,0.4,0
0,3.25,2.87998,-2.99573,0.00236407,0.00236407,0.00236407,0.117528,True,empty floor,sound_similarity,0,0.0666667,0.240691,0,0.0666667,0.118506,0,0.0666667,0.271224,0,0.0666667,0.145343,0,0.0666667,0.1565,0,0.0666667,0.265081,0,0.0666667,0.144166,0,0.0666667,0.233515,0,0.0666667,0.187891,0.5,0.4,0
-0.5,4,2.25352,-2.99573,0.00236407,0.00236407,0.00236407,0.117528,True,empty floor,sound_similarity,0,0.0666667,0.240691,0,0.0666667,0.118506,0,0.0666667,0.271224,0,0.0666667,0.145343,0,0.0666667,0.1565,0,0.0666667,0.265081,0,0.0666667,0.144166,0,0.0666667,0.233515,0,0.0666667,0.187891,0.5,0.4,0
1.25,3.5,2.79378,-2.99573,0.00236407,0.00236407,0.00236407,0.117528,True,empty floor,sound_similarity,0,0.0666667,0.240691,0,0.0666667,0.118506,0,0.0666667,0.271224,0,0.0666667,0.145343,0,0.0666667,0.1565,0,0.0666667,0.265081,0,0.0666667,0.144166,0,0.0666667,0.233515,0,0.0666667,0.187891,0.5,0.4,0
1,3.5,2.71639,-2.99573,0.00236407,0.00236407,0.00236407,0.117528,True,empty floor,sound_similarity,0,0.0666667,0.240691,0,0.0666667,0.118506,0,0.0666667,0.271224,0,0.0666667,0.145343,0,0.0666667,0.1565,0,0.0666667,0.265081,0,0.0666667,0.144166,0,0.0666667,0.233515,0,0.0666667,0.187891,0.5,0.4,0
0.75,3.5,2.66034,-2.99573,0.00236407,0.00236407,0.00236407,0.117528,True,empty floor,sound_similarity,0,0.0666667,0.240691,0,0.0666667,0.118506,0,0.0666667,0.271224,0,0.0666667,0.145343,0,0.0666667,0.1565,0,0.0666667,0.265081,0,0.0666667,0.144166,0,0.0666667,0.233515,0,0.0666667,0.187891,0.5,0.4,0
0.5,3.5,2.62698,-2.99573,0.00236407,0.00236407,0.00236407,0.117528,True,empty floor,sound_similarity,0,0.0666667,0.240691,0,0.0666667,0.118506,0,0.0666667,0.271224,0,0.0666667,0.145343,0,0.0666667,0.1565,0,0.0666667,0.265081,0,0.0666667,0.144166,0,0.0666667,0.233515,0,0.0666667,0.187891,0.5,0.4,0
0.25,3.5,2.61718,-2.99573,0.00236407,0.00236407,0.00236407,0.117528,True,empty floor,sound_similarity,0,0.0666667,0.240691,0,0.0666667,0.118506,0,0.0666667,0.271224,0,0.0666667,0.145343,0,0.0666667,0.1565,0,0.0666667,0.265081,0,0.0666667,0.144166,0,0.0666667,0.233515,0,0.0666667,0.187891,0.5,0.4,0
0,3.5,2.6312,-2.99573,0.00236407,0.00236407,0.00236407,0.117528,True,empty floor,sound_similarity,0,0.0666667,0.240691,0,0.0666667,0.118506,0,0.0666667,0.271224,0,0.0666667,0.145343,0,0.0666667,0.1565,0,0.0666667,0.265081,0,0.0666667,0.144166,0,0.0666667,0.233515,0,0.0666667,0.187891,0.5,0.4,0
-0.25,3.5,2.66867,-2.99573,0.00236407,0.00236407,0.00236407,0.117528,True,empty floor,sound_similarity,0,0.0666667,0.240691,0,0.0666667,0.118506,0,0.0666667,0.271224,0,0.0666667,0.145343,0,0.0666667,0.1565,0,0.0666667,0.265081,0,0.0666667,0.144166,0,0.0666667,0.233515,0,0.0666667,0.187891,0.5,0.4,0
-0.5,3.5,2.72863,-2.99573,0.00236407,0.00236407,0.00236407,0.117528,True,empty floor,sound_similarity,0,0.0666667,0.240691,0,0.0666667,0.118506,0,0.0666667,0.271224,0,0.0666667,0.145343,0,0.0666667,0.1565,0,0.0666667,0.265081,0,0.0666667,0.144166,0,0.0666667,0.233515,0,0.0666667,0.187891,0.5,0.4,0
-0.75,3.5,2.80963,-2.99573,0.00236407,0.00236407,0.00236407,0.117528,True,empty floor,sound_similarity,0,0.0666667,0.240691,0,0.0666667,0.118506,0,0.0666667,0.271224,0,0.0666667,0.145343,0,0.0666667,0.1565,0,0.0666667,0.265081,0,0.0666667,0.144166,0,0.0666667,0.233515,0,0.0666667,0.187891,0.5,0.4,0
-1,3.5,2.90992,-2.99573,0.00236407,0.00236407,0.00236407,0.117528,True,empty floor,sound_similarity,0,0.0666667,0.240691,0,0.0666667,0.118506,0,0.0666667,0.271224,0,0.0666667,0.145343,0,0.0666667,0.1565,0,0.0666667,0.265081,0,0.0666667,0.144166,0,0.0666667,0.233515,0,0.0666667,0.187891,0.5,0.4,0
-1.25,3.5,3.02758,-2.99573,0.00236407,0.00236407,0.00236407,0.117528,True,empty floor,sound_similarity,0,0.0666667,0.240691,0,0.0666667,0.118506,0,0.0666667,0.271224,0,0.0666667,0.145343,0,0.0666667,0.1565,0,0.0666667,0.265081,0,0.0666667,0.144166,0,0.0666667,0.233515,0,0.0666667,0.187891,0.5,0.4,0
-1.5,3.5,3.16067,-2.99573,0.00236407,0.00236407,0.00236407,0.117528,True,empty floor,sound_similarity,0,0.0666667,0.240691,0,0.0666667,0.118506,0,0.0666667,0.271224,0,0.0666667,0.145343,0,0.0666667,0.1565,0,0.0666667,0.265081,0,0.0666667,0.144166,0,0.0666667,0.233515,0,0.0666667,0.187891,0.5,0.4,0
-1.75,3.5,3.30733,-2.99573,0.00236407,0.00236407,0.00236407,0.117528,True,empty floor,sound_similarity,0,0.0666667,0.240691,0,0.0666667,0.118506,0,0.0666667,0.271224,0,0.0666667,0.145343,0,0.0666667,0.1565,0,0.0666667,0.265081,0,0.0666667,0.144166,0,0.0666667,0.233515,0,0.0666667,0.187891,0.5,0.4,0
-2,3.5,3.46584,-2.99573,0.00236407,0.00236407,0.00236407,0.117528,True,empty floor,sound_similarity,0,0.0666667,0.240691,0,0.0666667,0.118506,0,0.0666667,0.271224,0,0.0666667,0.145343,0,0.0666667,0.1565,0,0.0666667,0.265081,0,0.0666667,0.144166,0,0.0666667,0.233515,0,0.0666667,0.187891,0.5,0.4,0
-2.25,3.5,3.63465,-2.99573,0.00236407,0.00236407,0.00236407,0.117528,True,empty floor,sound_similarity,0,0.0666667,0.240691,0,0.0666667,0.118506,0,0.0666667,0.271224,0,0.0666667,0.145343,0,0.0666667,0.1565,0,0.0666667,0.265081,0,0.0666667,0.144166,0,0.0666667,0.233515,0,0.0666667,0.187891,0.5,0.4,0
2,3.25,3.34745,-2.99573,0.00236407,0.00236407,0.00236407,0.117528,True,empty floor,sound_similarity,0,0.0666667,0.240691,0,0.0666667,0.118506,0,0.0666667,0.271224,0,0.0666667,0.145343,0,0.0666667,0.1565,0,0.0666667,0.265081,0,0.0666667,0.144166,0,0.0666667,0.233515,0,0.0666667,0.187891,0.5,0.4,0
1.75,3.25,3.22553,-2.99573,0.00236407,0.00236407,0.00236407,0.117528,True,empty floor,sound_similarity,0,0.0666667,0.240691,0,0.0666667,0.118506,0,0.0666667,0.271224,0,0.0666667,0.145343,0,0.0666667,0.1565,0,0.0666667,0.265081,0,0.0666667,0.144166,0,0.0666667,0.233515,0,0.0666667,0.187891,0.5,0.4,0
1.5,3.25,3.11892,-2.99573,0.00236407,0.00236407,0.00236407,0.117528,True,empty floor,sound_similarity,0,0.0666667,0.240691,0,0.0666667,0.118506,0,0.0666667,0.271224,0,0.0666667,0.145343,0,0.0666667,0.1565,0,0.0666667,0.265081,0,0.0666667,0.144166,0,0.0666667,0.233515,0,0.0666667,0.187891,0.5,0.4,0
1.25,3.25,3.02923,-2.99573,0.00236407,0.00236407,0.00236407,0.117528,True,empty floor,sound_similarity,0,0.0666667,0.240691,0,0.0666667,0.118506,0,0.0666667,0.271224,0,0.0666667,0.145343,0,0.0666667,0.1565,0,0.0666667,0.265081,0,0.0666667,0.144166,0,0.0666667,0.233515,0,0.0666667,0.187891,0.5,0.4,0
1,3.25,2.95801,-2.99573,0.00236407,0.00236407,0.00236407,0.117528,True,empty floor,sound_similarity,0,0.0666667,0.240691,0,0.0666667,0.118506,0,0.0666667,0.271224,0,0.0666667,0.145343,0,0.0666667,0.1565,0,0.0666667,0.265081,0,0.0666667,0.144166,0,0.0666667,0.233515,0,0.0666667,0.187891,0.5,0.4,0
0.75,3.25,2.90662,-2.99573,0.00236407,0.00236407,0.00236407,0.117528,True,empty floor,sound_similarity,0,0.0666667,0.240691,0,0.0666667,0.118506,0,0.0666667,0.271224,0,0.0666667,0.145343,0,0.0666667,0.1565,0,0.0666667,0.265081,0,0.0666667,0.144166,0,0.0666667,0.233515,0,0.0666667,0.187891,0.5,0.4,0
0.5,3.25,2.87612,-2.99573,0.00236407,0.00236407,0.00236407,0.117528,True,empty floor,sound_similarity,0,0.0666667,0.240691,0,0.0666667,0.118506,0,0.0666667,0.271224,0,0.0666667,0.145343,0,0.0666667,0.1565,0,0.0666667,0.265081,0,0.0666667,0.144166,0,0.0666667,0.233515,0,0.0666667,0.187891,0.5,0.4,0
0.25,3.25,2.86717,-2.99573,0.00236407,0.00236407,0.00236407,0.117528,True,empty floor,sound_similarity,0,0.0666667,0.240691,0,0.0666667,0.118506,0,0.0666667,0.271224,0,0.0666667,0.145343,0,0.0666667,0.1565,0,0.0666667,0.265081,0,0.0666667,0.144166,0,0.0666667,0.233515,0,0.0666667,0.187891,0.5,0.4,0
1.5,3.5,2.89078,-2.99573,0.00236407,0.00236407,0.00236407,0.117528,True,empty floor,sound_similarity,0,0.0666667,0.240691,0,0.0666667,0.118506,0,0.0666667,0.271224,0,0.0666667,0.145343,0,0.0666667,0.1565,0,0.0666667,0.265081,0,0.0666667,0.144166,0,0.0666667,0.233515,0,0.0666667,0.187891,0.5,0.4,0
1.75,3.5,3.00549,-2.99573,0.00236407,0.00236407,0.00236407,0.117528,True,empty floor,sound_similarity,0,0.0666667,0.240691,0,0.0666667,0.118506,0,0.0666667,0.271224,0,0.0666667,0.145343,0,0.0666667,0.1565,0,0.0666667,0.265081,0,0.0666667,0.144166,0,0.0666667,0.233515,0,0.0666667,0.187891,0.5,0.4,0
-2.25,3.75,3.45899,-2.99573,0.00236407,0.00236407,0.00236407,0.117528,True,empty floor,sound_similarity,0,0.0666667,0.240691,0,0.0666667,0.118506,0,0.0666667,0.271224,0,0.0666667,0.145343,0,0.0666667,0.1565,0,0.0666667,0.265081,0,0.0666667,0.144166,0,0.0666667,0.233515,0,0.0666667,0.187891,0.5,0.4,0
1,3.75,2.47644,-2.99573,0.00236407,0.00236407,0.00236407,0.117528,True,empty floor,sound_similarity,0,0.0666667,0.240691,0,0.0666667,0.118506,0,0.0666667,0.271224,0,0.0666667,0.145343,0,0.0666667,0.1565,0,0.0666667,0.265081,0,0.0666667,0.144166,0,0.0666667,0.233515,0,0.0666667,0.187891,0.5,0.4,0
-0.75,4,2.35095,-2.99573,0.00236407,0.00236407,0.00236407,0.117528,True,empty floor,sound_similarity,0,0.0666667,0.240691,0,0.0666667,0.118506,0,0.0666667,0.271224,0,0.0666667,0.145343,0,0.0666667,0.1565,0,0.0666667,0.265081,0,0.0666667,0.144166,0,0.0666667,0.233515,0,0.0666667,0.187891,0.5,0.4,0
-1,4,2.46993,-2.99573,0.00236407,0.00236407,0.00236407,0.117528,True,empty floor,sound_similarity,0,0.0666667,0.240691,0,0.0666667,0.118506,0,0.0666667,0.271224,0,0.0666667,0.145343,0,0.0666667,0.1565,0,0.0666667,0.265081,0,0.0666667,0.144166,0,0.0666667,0.233515,0,0.0666667,0.187891,0.5,0.4,0
-1.25,4,2.60752,-2.99573,0.00236407,0.00236407,0.00236407,0.117528,True,empty floor,sound_similarity,0,0.0666667,0.240691,0,0.0666667,0.118506,0,0.0666667,0.271224,0,0.0666667,0.145343,0,0.0666667,0.1565,0,0.0666667,0.265081,0,0.0666667,0.144166,0,0.0666667,0.233515,0,0.0666667,0.187891,0.5,0.4,0
-1.5,4,2.76093,-2.99573,0.00236407,0.00236407,0.00236407,0.117528,True,empty floor,sound_similarity,0,0.0666667,0.240691,0,0.0666667,0.118506,0,0.0666667,0.271224,0,0.0666667,0.145343,0,0.0666667,0.1565,0,0.0666667,0.265081,0,0.0666667,0.144166,0,0.0666667,0.233515,0,0.0666667,0.187891,0.5,0.4,0
-1.75,4,2.92769,-2.99573,0.00236407,0.00236407,0.00236407,0.117528,True,empty floor,sound_similarity,0,0.0666667,0.240691,0,0.0666667,0.118506,0,0.0666667,0.271224,0,0.0666667,0.145343,0,0.0666667,0.1565,0,0.0666667,0.265081,0,0.0666667,0.144166,0,0.0666667,0.233515,0,0.0666667,0.187891,0.5,0.4,0
-2,4,3.10563,-2.99573,0.00236407,0.00236407,0.00236407,0.117528,True,empty floor,sound_similarity,0,0.0666667,0.240691,0,0.0666667,0.118506,0,0.0666667,0.271224,0,0.0666667,0.145343,0,0.0666667,0.1565,0,0.0666667,0.265081,0,0.0666667,0.144166,0,0.0666667,0.233515,0,0.0666667,0.187891,0.5,0.4,0
-2.25,4,3.29296,-2.99573,0.00236407,0.00236407,0.00236407,0.117528,True,empty floor,sound_similarity,0,0.0666667,0.240691,0,0.0666667,0.118506,0,0.0666667,0.271224,0,0.0666667,0.145343,0,0.0666667,0.1565,0,0.0666667,0.265081,0,0.0666667,0.144166,0,0.0666667,0.233515,0,0.0666667,0.187891,0.5,0.4,0
1.75,3.75,2.79051,-2.99573,0.00236407,0.00236407,0.00236407,0.117528,True,empty floor,sound_similarity,0,0.0666667,0.240691,0,0.0666667,0.118506,0,0.0666667,0.271224,0,0.0666667,0.145343,0,0.0666667,0.1565,0,0.0666667,0.265081,0,0.0666667,0.144166,0,0.0666667,0.233515,0,0.0666667,0.187891,0.5,0.4,0
1.5,3.75,2.66656,-2.99573,0.00236407,0.00236407,0.00236407,0.117528,True,empty floor,sound_similarity,0,0.0666667,0.240691,0,0.0666667,0.118506,0,0.0666667,0.271224,0,0.0666667,0.145343,0,0.0666667,0.1565,0,0.0666667,0.265081,0,0.0666667,0.144166,0,0.0666667,0.233515,0,0.0666667,0.187891,0.5,0.4,0
1.25,3.75,2.56108,-2.99573,0.00236407,0.00236407,0.00236407,0.117528,True,empty floor,sound_similarity,0,0.0666667,0.240691,0,0.0666667,0.118506,0,0.0666667,0.271224,0,0.0666667,0.145343,0,0.0666667,0.1565,0,0.0666667,0.265081,0,0.0666667,0.144166,0,0.0666667,0.233515,0,0.0666667,0.187891,0.5,0.4,0
0.75,3.75,2.41482,-2.99573,0.00236407,0.00236407,0.00236407,0.117528,True,empty floor,sound_similarity,0,0.0666667,0.240691,0,0.0666667,0.118506,0,0.0666667,0.271224,0,0.0666667,0.145343,0,0.0666667,0.1565,0,0.0666667,0.265081,0,0.0666667,0.144166,0,0.0666667,0.233515,0,0.0666667,0.187891,0.5,0.4,0
-2,3.75,3.28116,-2.99573,0.00236407,0.00236407,0.00236407,0.117528,True,empty floor,sound_similarity,0,0.0666667,0.240691,0,0.0666667,0.118506,0,0.0666667,0.271224,0,0.0666667,0.145343,0,0.0666667,0.1565,0,0.0666667,0.265081,0,0.0666667,0.144166,0,0.0666667,0.233515,0,0.0666667,0.187891,0.5,0.4,0
0.5,3.75,2.37802,-2.99573,0.00236407,0.00236407,0.00236407,0.117528,True,empty floor,sound_similarity,0,0.0666667,0.240691,0,0.0666667,0.118506,0,0.0666667,0.271224,0,0.0666667,0.145343,0,0.0666667,0.1565,0,0.0666667,0.265081,0,0.0666667,0.144166,0,0.0666667,0.233515,0,0.0666667,0.187891,0.5,0.4,0
0.25,3.75,2.36719,-2.99573,0.00236407,0.00236407,0.00236407,0.117528,True,empty floor,sound_similarity,0,0.0666667,0.240691,0,0.0666667,0.118506,0,0.0666667,0.271224,0,0.0666667,0.145343,0,0.0666667,0.1565,0,0.0666667,0.265081,0,0.0666667,0.144166,0,0.0666667,0.233515,0,0.0666667,0.187891,0.5,0.4,0
0,3.75,2.38268,-2.99573,0.00236407,0.00236407,0.00236407,0.117528,True,empty floor,sound_similarity,0,0.0666667,0.240691,0,0.0666667,0.118506,0,0.0666667,0.271224,0,0.0666667,0.145343,0,0.0666667,0.1565,0,0.0666667,0.265081,0,0.0666667,0.144166,0,0.0666667,0.233515,0,0.0666667,0.187891,0.5,0.4,0
-0.25,3.75,2.424,-2.99573,0.00236407,0.00236407,0.00236407,0.117528,True,empty floor,sound_similarity,0,0.0666667,0.240691,0,0.0666667,0.118506,0,0.0666667,0.271224,0,0.0666667,0.145343,0,0.0666667,0.1565,0,0.0666667,0.265081,0,0.0666667,0.144166,0,0.0666667,0.233515,0,0.0666667,0.187891,0.5,0.4,0
-0.5,3.75,2.48986,-2.99573,0.00236407,0.00236407,0.00236407,0.117528,True,empty floor,sound_similarity,0,0.0666667,0.240691,0,0.0666667,0.118506,0,0.0666667,0.271224,0,0.0666667,0.145343,0,0.0666667,0.1565,0,0.0666667,0.265081,0,0.0666667,0.144166,0,0.0666667,0.233515,0,0.0666667,0.187891,0.5,0.4,0
-0.75,3.75,2.57837,-2.99573,0.00236407,0.00236407,0.00236407,0.117528,True,empty floor,sound_similarity,0,0.0666667,0.240691,0,0.0666667,0.118506,0,0.0666667,0.271224,0,0.0666667,0.145343,0,0.0666667,0.1565,0,0.0666667,0.265081,0,0.0666667,0.144166,0,0.0666667,0.233515,0,0.0666667,0.187891,0.5,0.4,0
-1,3.75,2.6873,-2.99573,0.00236407,0.00236407,0.00236407,0.117528,True,empty floor,sound_similarity,0,0.0666667,0.240691,0,0.0666667,0.118506,0,0.0666667,0.271224,0,0.0666667,0.145343,0,0.0666667,0.1565,0,0.0666667,0.265081,0,0.0666667,0.144166,0,0.0666667,0.233515,0,0.0666667,0.187891,0.5,0.4,0
-1.25,3.75,2.81428,-2.99573,0.00236407,0.00236407,0.00236407,0.117528,True,empty floor,sound_similarity,0,0.0666667,0.240691,0,0.0666667,0.118506,0,0.0666667,0.271224,0,0.0666667,0.145343,0,0.0666667,0.1565,0,0.0666667,0.265081,0,0.0666667,0.144166,0,0.0666667,0.233515,0,0.0666667,0.187891,0.5,0.4,0
-1.5,3.75,2.95699,-2.99573,0.00236407,0.00236407,0.00236407,0.117528,True,empty floor,sound_similarity,0,0.0666667,0.240691,0,0.0666667,0.118506,0,0.0666667,0.271224,0,0.0666667,0.145343,0,0.0666667,0.1565,0,0.0666667,0.265081,0,0.0666667,0.144166,0,0.0666667,0.233515,0,0.0666667,0.187891,0.5,0.4,0
-1.75,3.75,3.11326,-2.99573,0.00236407,0.00236407,0.00236407,0.117528,True,empty floor,sound_similarity,0,0.0666667,0.240691,0,0.0666667,0.118506,0,0.0666667,0.271224,0,0.0666667,0.145343,0,0.0666667,0.1565,0,0.0666667,0.265081,0,0.0666667,0.144166,0,0.0666667,0.233515,0,0.0666667,0.187891,0.5,0.4,0
2,7.75,2.37733,-0.951324,0.00236407,0.00236407,0.00236407,0.117528,True,empty floor,sound_similarity,0,0.0666667,0.240691,0,0.0666667,0.118506,0,0.0666667,0.271224,0,0.0666667,0.145343,0,0.0666667,0.1565,0,0.0666667,0.265081,0,0.0666667,0.144166,0,0.0666667,0.233515,0,0.0666667,0.187891,0.5,0.4,0
